AGRAW abrupt SCD onehot PCA unscaled/scaled

              salary    commission   age     elevel       car      zipcode  \
0      115014.164791      0.000000  56.0  b'level3'  b'car15'  b'zipcode5'   
1       39855.706174  20372.573526  73.0  b'level2'   b'car3'  b'zipcode7'   
2       87701.290931      0.000000  52.0  b'level4'  b'car16'  b'zipcode5'   
3       57795.185560  13344.143894  80.0  b'level2'   b'car1'  b'zipcode3'   
4       46602.621787  26569.114334  46.0  b'level0'  b'car13'  b'zipcode5'   
...              ...           ...   ...        ...       ...          ...   
29995   75983.356105      0.000000  63.0  b'level1'  b'car20'  b'zipcode8'   
29996   76454.482461      0.000000  46.0  b'level0'   b'car2'  b'zipcode6'   
29997   69541.954288  62817.711871  66.0  b'level2'   b'car8'  b'zipcode3'   
29998   51175.507858  68554.669139  44.0  b'level3'   b'car3'  b'zipcode8'   
29999   46183.176980  52780.471782  32.0  b'level0'  b'car17'  b'zipcode3'   

             hvalue  hyears           loan  
0      4.163585e+05    29.0  355369.813786  
1      2.961262e+05     3.0  173759.014602  
2      3.064104e+05     7.0   59919.521152  
3      5.445561e+05    17.0  253829.958035  
4      7.415516e+05    24.0  369479.438933  
...             ...     ...            ...  
29995  2.786310e+05    17.0  112306.779709  
29996  4.614632e+05    20.0    7109.861449  
29997  7.773315e+05     3.0   76976.293733  
29998  1.300982e+05     4.0  159247.257700  
29999  1.036645e+06    24.0  248773.131828  

[30000 rows x 9 columns]
                  0              1             2             3          4   \
0      -82283.552920  107648.853582 -35575.981986   -845.299631  -5.944968   
1     -202825.156424  -73693.092826  40003.412913 -20202.548179 -23.011892   
2     -192792.478053 -187575.869237 -11619.714703 -14324.810457  -2.063348   
3       45749.686755    5883.905887  20760.384708 -17417.646931 -30.058093   
4      242977.961936  121156.187066  36859.747556 -11391.944336   3.970030   
...              ...            ...           ...           ...        ...   
29995 -220462.675601 -135130.065506  -1434.680001 -20111.965944 -13.125034   
29996  -37836.563998 -240684.004887  -1894.539062 -19832.696164   3.760297   
29997  278175.725392 -171415.137580  34893.349525  31476.915942 -15.890761   
29998 -368884.523338  -87871.911951  54010.904440  27258.725249   6.208013   
29999  537836.726118    -118.983125  50046.585962  11277.603852  17.949284   

              5         6         7         8         9   ...        30  \
0      13.591728  0.725768 -0.475386 -0.166614 -0.077963  ... -0.034553   
1     -12.772738 -0.694703 -0.538970 -0.181616 -0.094906  ... -0.043167   
2      -8.480143  0.004877  0.237579  0.691186 -0.558393  ...  0.672722   
3       1.240492 -0.702327 -0.523715 -0.153644 -0.092545  ... -0.035442   
4       8.460809 -0.015728  0.638990 -0.609730 -0.152005  ...  0.213195   
...          ...       ...       ...       ...       ...  ...       ...   
29995   1.393110 -0.016438  0.173295  0.328700  0.802068  ... -0.530794   
29996   4.524387 -0.013852  0.628693 -0.609049 -0.135677  ... -0.089849   
29997 -12.469205 -0.677049 -0.526814 -0.168556 -0.092702  ... -0.055923   
29998 -11.411030  0.739982 -0.502634 -0.173665 -0.069463  ... -0.032014   
29999   8.641659 -0.014892  0.631116 -0.611320 -0.137328  ... -0.076566   

             31        32        33        34        35        36  \
0      0.021394 -0.008800 -0.038308  0.018026 -0.043117  0.072621   
1     -0.015550 -0.026690 -0.023759 -0.024840 -0.017355 -0.059116   
2     -0.390381 -0.480341 -0.195788 -0.050780 -0.074878  0.174716   
3      0.005080 -0.008573 -0.029642 -0.021714 -0.030806  0.226090   
4     -0.217506  0.834478 -0.328656 -0.078205 -0.077603 -0.243015   
...         ...       ...       ...       ...       ...       ...   
29995 -0.133954 -0.192505 -0.102662 -0.120500 -0.078891 -0.179990   
29996 -0.027471 -0.062537 -0.047997 -0.019678 -0.058082 -0.101594   
29997 -0.011984 -0.035058 -0.036851 -0.038724 -0.035893 -0.008817   
29998 -0.027768 -0.034137 -0.016451 -0.027809 -0.038435 -0.040824   
29999  0.001891 -0.019362 -0.033327 -0.043955 -0.047724 -0.231081   

                 37            38            39  
0      3.263980e-10  1.822469e-11  2.300497e-11  
1      4.469294e-10  1.928854e-11 -8.859005e-11  
2      5.110868e-10 -4.052821e-11  8.070128e-11  
3      1.122097e-09  5.973475e-10 -3.336864e-10  
4      9.929985e-11  3.212836e-11 -2.179675e-11  
...             ...           ...           ...  
29995  7.053748e-11 -2.921651e-12 -6.734557e-13  
29996 -5.442295e-11 -1.263669e-11  1.363666e-11  
29997  6.192734e-11  7.333644e-12  6.160839e-12  
29998  1.037860e-10  6.336629e-12 -1.578872e-11  
29999  8.087106e-12  1.684965e-11 -8.773719e-12  

[30000 rows x 40 columns]
                 0              1             2             3          4   \
0     336847.506775  209629.996013 -17612.870768 -11090.571084  -6.873555   
1     292953.050704   22449.711874 -46138.666720   5139.513077  16.983911   
2     142737.221610  249101.498498  -8853.395248 -16053.000086   5.086868   
3    -367165.472519   52627.099700  -6092.889951 -17518.279464  15.105656   
4     160708.933292 -243669.240774  -5382.439854 -17869.895010  -9.261417   
...             ...            ...           ...           ...        ...   
9995   96923.010401  109783.246883  18885.890376 -19898.109984  19.105762   
9996  805554.853620  222346.312823  20942.325289   5110.807243   9.038138   
9997   53440.252279  -19159.453471  49850.090302  18953.853445  24.181452   
9998  171801.725842 -223304.486169 -33734.843934  -1806.257575   8.896850   
9999 -209606.810557   70387.677340 -13884.429874 -13119.351512  -9.834553   

             5         6         7         8         9   ...        30  \
0     -2.488855 -0.023807  0.235006  0.658076 -0.528072  ...  0.056082   
1     13.818867 -0.011876  0.238906  0.664234 -0.523149  ...  0.170306   
2      6.541540 -0.034764  0.177901  0.315413  0.823851  ...  0.028582   
3     -8.410510 -0.698089 -0.528993 -0.178439 -0.089442  ...  0.667056   
4      5.460918  0.717366 -0.479352 -0.174703 -0.061936  ... -0.090552   
...         ...       ...       ...       ...       ...  ...       ...   
9995 -14.435403 -0.017395  0.224532  0.657500 -0.532156  ...  0.673420   
9996  11.618380 -0.706732 -0.519079 -0.213101 -0.069837  ... -0.023318   
9997 -13.300946  0.008322  0.214130  0.681929 -0.531295  ... -0.027706   
9998  -2.283925 -0.017446  0.175870  0.302628  0.832984  ... -0.036190   
9999 -14.539889 -0.010738  0.156162  0.313781  0.824738  ...  0.213133   

            31        32        33        34        35        36  \
0    -0.094321  0.081849  0.345720  0.904754 -0.064151  0.210222   
1     0.010836  0.146903  0.834157 -0.434833 -0.065836 -0.121788   
2    -0.093040  0.077718  0.326777  0.883136 -0.090217  0.129099   
3    -0.396583 -0.491824 -0.191709 -0.058703 -0.088885 -0.042262   
4    -0.023498 -0.048348 -0.020538 -0.055950 -0.041740 -0.029478   
...        ...       ...       ...       ...       ...       ...   
9995 -0.388019 -0.469399 -0.180091 -0.062672 -0.066209  0.046414   
9996 -0.011693 -0.031461 -0.023569 -0.012598 -0.025885 -0.230328   
9997 -0.014634 -0.017619 -0.011124 -0.021515 -0.028704  0.344134   
9998 -0.000851 -0.004612 -0.011084 -0.028353 -0.031284 -0.033033   
9999 -0.214536  0.843201 -0.327070 -0.067283 -0.087419  0.047892   

                37            38            39  
0    -3.053113e-16  2.012279e-16 -2.012279e-16  
1    -3.677614e-16  1.665335e-16  2.914335e-16  
2    -2.498002e-16  2.220446e-16 -9.714451e-17  
3    -1.491862e-16 -1.110223e-16 -4.163336e-17  
4     0.000000e+00  1.387779e-16 -1.942890e-16  
...            ...           ...           ...  
9995 -1.734723e-16 -1.665335e-16  2.081668e-16  
9996 -1.110223e-16  5.481726e-16 -2.775558e-17  
9997 -8.326673e-17 -3.330669e-16  3.053113e-16  
9998  0.000000e+00 -6.938894e-17  1.110223e-16  
9999  2.220446e-16 -1.387779e-17  1.387779e-16  

[10000 rows x 40 columns]
t 0 mean: 1121.99652 std: 0.0 diff_std: inf time: 101.65508890151978
t 1 mean: 2960.63429 std: 1838.63777 diff_std: inf time: 171.4138560295105
t 2 mean: 2190.73041 std: 1854.51608 diff_std: 0.00864 time: 241.15872597694397

t 3 mean: 1789.93678 std: 1749.6654 diff_std: 0.05654 time: 310.35211992263794
t 4 mean: 1813.44986 std: 1565.65471 diff_std: 0.10517 time: 375.65925097465515
t 5 mean: 1633.95984 std: 1484.52424 diff_std: 0.05182 time: 444.72048902511597
t 6 mean: 1653.18738 std: 1375.20911 diff_std: 0.07364 time: 514.000086069107
t 7 mean: 1504.11929 std: 1345.49215 diff_std: 0.02161 time: 583.8066351413727
t 8 mean: 1534.57365 std: 1271.46332 diff_std: 0.05502 time: 653.5445778369904
t 9 mean: 1490.17979 std: 1213.54622 diff_std: 0.04555 time: 725.0604989528656
t 10 mean: 1768.16308 std: 1453.12085 diff_std: 0.19742 time: 793.8915719985962
t 11 mean: 1844.83095 std: 1414.30352 diff_std: 0.02671 time: 863.5827107429504
t 12 mean: 1759.74316 std: 1390.42004 diff_std: 0.01689 time: 930.2837021350861
t 13 mean: 1997.36517 std: 1590.34969 diff_std: 0.14379 time: 998.3662900924683
t 14 mean: 2020.02565 std: 1538.7615 diff_std: 0.03244 time: 1067.8153748512268
t 15 mean: 1950.12593 std: 1514.29516 diff_std: 0.0159 time: 1140.0628638267517
t 16 mean: 1892.02144 std: 1487.35346 diff_std: 0.01779 time: 1210.4514219760895
t 17 mean: 2003.47047 std: 1516.73143 diff_std: 0.01975 time: 1277.9669420719147
t 18 mean: 1928.52898 std: 1510.12871 diff_std: 0.00435 time: 1344.624624967575
t 19 mean: 2013.15217 std: 1517.40729 diff_std: 0.00482 time: 1410.3667149543762
t 20 mean: 2018.03896 std: 1480.99914 diff_std: 0.02399 time: 1476.0978269577026
t 21 mean: 2019.60566 std: 1446.96644 diff_std: 0.02298 time: 1542.1996879577637
t 22 mean: 1941.76309 std: 1461.50236 diff_std: 0.01005 time: 1611.581890821457
t 23 mean: 1861.12026 std: 1482.08122 diff_std: 0.01408 time: 1677.172257900238
t 24 mean: 1807.47535 std: 1475.72652 diff_std: 0.00429 time: 1745.4313328266144
t 25 mean: 1827.31975 std: 1450.46663 diff_std: 0.01712 time: 1814.0121190547943
t 26 mean: 1846.85398 std: 1426.83362 diff_std: 0.01629 time: 1881.2017481327057
t 27 mean: 1860.99652 std: 1403.04862 diff_std: 0.01667 time: 1947.0946681499481
t 28 mean: 1881.68184 std: 1382.98418 diff_std: 0.0143 time: 2015.4215030670166
t 29 mean: 1979.79765 std: 1458.78889 diff_std: 0.05481 time: 2080.598235845566
t 30 mean: 1976.23653 std: 1435.19971 diff_std: 0.01617 time: 2146.244735956192
t 31 mean: 2024.22727 std: 1437.64598 diff_std: 0.0017 time: 2214.4258830547333
[-10927.002382018924, -10957.113172082667, -13426.3315352918, -15702.81606646959, -15896.258788230538, -14925.97654591166, -9937.625901339867]
[-25741.109110467085, -25741.109110467085, -25741.109110467085, -25741.109110467085, -25741.109110467085, -25741.109110467085, -25741.109110467085]
SCD (unidirectional)
None
None



scd_all took 2807.7732231616974 seconds

 synthetic_data/abrupt_drift/agraw1_1_abrupt_drift_0_noise_balanced.arff encoder: onehot
SCD_unidir: [] (0.0, 1.0)


             0         1         2         3         4         5         6   \
0      0.282091  0.710461  0.204621  0.457388  0.401159  0.952916  0.979548   
1      0.189377  0.348900  0.707097  0.224754  0.120064  0.069813  0.017575   
2      0.197093  0.121840  0.363890  0.295392  0.465089  0.213598  0.491346   
3      0.380566  0.507561  0.579163  0.258223  0.004012  0.539200  0.012412   
4      0.532263  0.737392  0.686197  0.330639  0.564460  0.781051  0.477391   
...         ...       ...       ...       ...       ...       ...       ...   
29995  0.175811  0.226407  0.431604  0.225842  0.282902  0.544312  0.476911   
29996  0.316277  0.015952  0.428546  0.229199  0.561006  0.649197  0.478662   
29997  0.559335  0.154061  0.673124  0.845834  0.237350  0.079980  0.029531   
29998  0.061654  0.320630  0.800223  0.795140  0.601320  0.115425  0.989174   
29999  0.759052  0.495593  0.773867  0.603080  0.794701  0.787109  0.477957   

             7         8         9   ...        30        31        32  \
0      0.068902  0.359028  0.345483  ...  0.410098  0.329062  0.364982   
1      0.016451  0.348046  0.333692  ...  0.403152  0.300991  0.351749   
2      0.657041  0.986991  0.011134  ...  0.980468  0.016182  0.016197   
3      0.029035  0.368523  0.335335  ...  0.409381  0.316667  0.365150   
4      0.988173  0.034640  0.293954  ...  0.609890  0.147539  0.988731   
...         ...       ...       ...  ...       ...       ...       ...   
29995  0.604012  0.721629  0.957929  ...  0.009913  0.211024  0.229101   
29996  0.979678  0.035138  0.305318  ...  0.365505  0.291933  0.325234   
29997  0.026479  0.357606  0.335225  ...  0.392865  0.303701  0.345560   
29998  0.046425  0.353866  0.351398  ...  0.412145  0.291708  0.346241   
29999  0.981678  0.033476  0.304169  ...  0.376217  0.314244  0.357170   

             33        34        35        36        37        38        39  
0      0.261529  0.345460  0.052424  0.411113  0.341587  0.277795  0.444368  
1      0.273716  0.313996  0.075904  0.259016  0.346583  0.278188  0.407781  
2      0.129619  0.294956  0.023478  0.528987  0.349242  0.256091  0.463284  
3      0.268788  0.316291  0.063644  0.588301  0.374565  0.491729  0.327424  
4      0.018326  0.274826  0.020994  0.046694  0.332175  0.282931  0.429679  
...         ...       ...       ...       ...       ...       ...       ...  
29995  0.207625  0.243781  0.019820  0.119460  0.330983  0.269983  0.436605  
29996  0.253413  0.317784  0.038785  0.209973  0.325804  0.266394  0.441297  
29997  0.262749  0.303805  0.059008  0.317089  0.330626  0.273771  0.438846  
29998  0.279837  0.311816  0.056692  0.280135  0.332361  0.273403  0.431649  
29999  0.265702  0.299965  0.048225  0.060472  0.328395  0.277287  0.433949  

[30000 rows x 40 columns]
            0         1         2         3         4         5         6   \
0     0.604462  0.913792  0.324046  0.334261  0.385865  0.414282  0.471921   
1     0.570701  0.540591  0.134397  0.529313  0.778801  0.960525  0.480000   
2     0.455164  0.992491  0.382282  0.274623  0.582855  0.716764  0.464500   
3     0.062976  0.600758  0.400634  0.257013  0.747866  0.215930  0.015282   
4     0.468986  0.010000  0.405358  0.252788  0.346536  0.680567  0.973858   
...        ...       ...       ...       ...       ...       ...       ...   
9995  0.419926  0.714717  0.566701  0.228413  0.813748  0.014121  0.476262   
9996  0.964965  0.939146  0.580373  0.528968  0.647933  0.886817  0.009429   
9997  0.386482  0.457630  0.772561  0.695333  0.897345  0.052121  0.493679   
9998  0.477518  0.050604  0.216862  0.445839  0.645606  0.421146  0.476228   
9999  0.184161  0.636170  0.348834  0.309879  0.337096  0.010621  0.480771   

            7         8         9   ...        30        31        32  \
0     0.654918  0.962752  0.032236  ...  0.483189  0.241139  0.432032   
1     0.658136  0.967260  0.035662  ...  0.575303  0.321040  0.480151   
2     0.607812  0.711901  0.973088  ...  0.461012  0.242112  0.428977   
3     0.024681  0.350372  0.337494  ...  0.975899  0.011469  0.007703   
4     0.065631  0.353107  0.356636  ...  0.364938  0.294952  0.335729   
...        ...       ...       ...  ...       ...       ...       ...   
9995  0.646279  0.962330  0.029393  ...  0.981031  0.017977  0.024290   
9996  0.032859  0.324997  0.351138  ...  0.419158  0.303922  0.348221   
9997  0.637697  0.980214  0.029992  ...  0.415619  0.301687  0.358459   
9998  0.606137  0.702543  0.979444  ...  0.408777  0.312160  0.368080   
9999  0.589879  0.710707  0.973706  ...  0.609840  0.149795  0.995183   

            33        34        35        36       37        38        39  
0     0.583203  0.996325  0.033254  0.569981  0.32806  0.271062  0.436826  
1     0.992331  0.013058  0.031718  0.186658  0.32806  0.271062  0.436826  
2     0.567335  0.980457  0.009497  0.476320  0.32806  0.271062  0.436826  
3     0.133036  0.289140  0.010712  0.278474  0.32806  0.271062  0.436826  
4     0.276414  0.291161  0.053680  0.293234  0.32806  0.271062  0.436826  
...        ...       ...       ...       ...      ...       ...       ...  
9995  0.142768  0.286227  0.031379  0.380855  0.32806  0.271062  0.436826  
9996  0.273875  0.322982  0.068129  0.061341  0.32806  0.271062  0.436826  
9997  0.284300  0.316436  0.065560  0.724590  0.32806  0.271062  0.436826  
9998  0.284333  0.311417  0.063209  0.289130  0.32806  0.271062  0.436826  
9999  0.019654  0.282842  0.012047  0.382562  0.32806  0.271062  0.436826  

[10000 rows x 40 columns]
t 0 mean: 1455.61833 std: 0.0 diff_std: inf time: 68.04937291145325
t 1 mean: 7142.81767 std: 5687.19933 diff_std: inf time: 133.86057996749878
t 2 mean: 10745.44794 std: 6893.52696 diff_std: 0.21211 time: 203.68995118141174
t 3 mean: 11166.6624 std: 6014.38279 diff_std: 0.12753 time: 272.1292700767517
t 4 mean: 11209.30302 std: 5380.10345 diff_std: 0.10546 time: 338.57474994659424
t 5 mean: 9582.79416 std: 6111.37598 diff_std: 0.13592 time: 404.66998505592346
t 6 mean: 10188.5104 std: 5849.33413 diff_std: 0.04288 time: 470.188029050827
t 7 mean: 10616.96078 std: 5587.74187 diff_std: 0.04472 time: 535.6057260036469
t 8 mean: 11810.2739 std: 6256.64624 diff_std: 0.11971 time: 601.4495902061462
t 9 mean: 13539.5562 std: 7883.1983 diff_std: 0.25997 time: 666.3160898685455
t 10 mean: 15355.64331 std: 9459.22886 diff_std: 0.19992 time: 732.4519140720367
t 11 mean: 14806.5702 std: 9237.79666 diff_std: 0.02341 time: 798.0082030296326
t 12 mean: 14360.26167 std: 9009.04029 diff_std: 0.02476 time: 865.2059631347656
t 13 mean: 15447.4444 std: 9525.28348 diff_std: 0.0573 time: 932.341206073761
t 14 mean: 14838.33069 std: 9480.32508 diff_std: 0.00472 time: 997.2408032417297
t 15 mean: 15307.71036 std: 9357.56579 diff_std: 0.01295 time: 1062.2010860443115
t 16 mean: 15977.53372 std: 9465.29583 diff_std: 0.01151 time: 1128.6235949993134
t 17 mean: 16448.72531 std: 9401.53537 diff_std: 0.00674 time: 1194.3573250770569
t 18 mean: 16770.05567 std: 9251.77709 diff_std: 0.01593 time: 1259.371964931488
t 19 mean: 16974.33984 std: 9061.3751 diff_std: 0.02058 time: 1324.3901450634003
t 20 mean: 16397.90735 std: 9211.08449 diff_std: 0.01652 time: 1389.56765127182
t 21 mean: 16247.89382 std: 9025.52568 diff_std: 0.02015 time: 1455.2649731636047
t 22 mean: 16224.93246 std: 8827.79523 diff_std: 0.02191 time: 1523.8624839782715
t 23 mean: 15729.99955 std: 8961.97155 diff_std: 0.0152 time: 1589.239089012146
t 24 mean: 16032.00772 std: 8904.67691 diff_std: 0.00639 time: 1654.4130189418793
t 25 mean: 16106.29175 std: 8739.65003 diff_std: 0.01853 time: 1719.7819011211395
t 26 mean: 15969.52823 std: 8604.58306 diff_std: 0.01545 time: 1785.9973289966583
t 27 mean: 15805.78742 std: 8492.26139 diff_std: 0.01305 time: 1851.3364129066467
t 28 mean: 16358.1442 std: 8841.62897 diff_std: 0.04114 time: 1916.599701166153
t 29 mean: 16209.71624 std: 8729.68982 diff_std: 0.01266 time: 1981.932566165924
t 30 mean: 16414.21039 std: 8660.46847 diff_std: 0.00793 time: 2047.32763504982

[-25878.692151539668, -26175.381814174238, -28462.986993954284, -31032.896762621356, -30802.266568425344, -29959.834940185072, -25118.10246279306]
[-63906.44720962824, -63906.44720962824, -63906.44720962824, -63906.44720962824, -63906.44720962824, -63906.44720962824, -63906.44720962824]
SCD (unidirectional)
None
None



scd_all took 2587.276844024658 seconds

 synthetic_data/abrupt_drift/agraw1_1_abrupt_drift_0_noise_balanced.arff encoder: onehot
SCD_unidir: [] (0.0, 1.0)


              salary    commission   age     elevel       car      zipcode  \
0       58227.414161  42921.435776  77.0  b'level2'   b'car6'  b'zipcode5'   
1       55628.982351  22363.143593  27.0  b'level3'  b'car17'  b'zipcode3'   
2      146598.421289      0.000000  26.0  b'level2'  b'car13'  b'zipcode5'   
3       87701.290931      0.000000  52.0  b'level4'  b'car16'  b'zipcode5'   
4       83888.656723      0.000000  72.0  b'level3'  b'car11'  b'zipcode5'   
...              ...           ...   ...        ...       ...          ...   
29995   28215.515865  10025.531702  70.0  b'level0'   b'car5'  b'zipcode4'   
29996   81592.684901      0.000000  67.0  b'level0'  b'car10'  b'zipcode2'   
29997   95843.578028      0.000000  34.0  b'level0'   b'car9'  b'zipcode1'   
29998  140096.534232      0.000000  47.0  b'level4'  b'car10'  b'zipcode2'   
29999   26431.163957  25445.973601  20.0  b'level3'   b'car1'  b'zipcode6'   

             hvalue  hyears           loan  
0      5.799464e+05    24.0  380837.346451  
1      6.903817e+05     9.0  270198.532392  
2      3.588011e+05     9.0  474919.924387  
3      3.064104e+05     7.0   59919.521152  
4      6.086612e+05    22.0    7692.189585  
...             ...     ...            ...  
29995  8.874729e+05     1.0  127052.486236  
29996  8.451295e+05    13.0  439591.617613  
29997  1.300993e+06    30.0    6903.676716  
29998  9.267754e+05    12.0  270532.102441  
29999  2.382150e+05    24.0   28002.860721  

[30000 rows x 9 columns]
                  0              1             2             3          4   \
0       80375.739620  131220.866225  33240.320278   9350.225721  27.630977   
1      191176.315779   20968.854175  25076.638727  -9817.198726 -21.995351   
2     -141060.363596  224771.391905 -64627.110005  16041.524197 -24.371889   
3     -192090.842085 -190496.662084 -14373.867949 -13317.178092   3.123941   
4      110330.155653 -241731.120326 -11113.191155 -15244.778563  23.173014   
...              ...            ...           ...           ...        ...   
29995  388734.521508 -121555.068816  42483.253717 -34192.293149  21.717276   
29996  345369.291982  190942.638664  -8188.735577 -16295.427395  17.630349   
29997  802663.008534 -240211.964065 -21354.999757  -9352.997567 -15.272138   
29998  427585.028402   22251.232661 -59292.765410  12722.357066  -3.238726   
29999 -260193.336367 -222771.401385  51362.970923 -21675.947414 -28.057079   

              5         6         7         8         9   ...        30  \
0       8.450618 -0.292225 -0.660264 -0.466093 -0.194791  ... -0.012928   
1      -6.434209 -0.398709  0.719127 -0.279189 -0.193520  ... -0.006565   
2      -6.413109 -0.277027 -0.657325 -0.467559 -0.211443  ...  0.004105   
3      -8.424666 -0.043995 -0.010961  0.083669  0.906851  ... -0.029986   
4       6.515972 -0.380607  0.734980 -0.271722 -0.177651  ... -0.003643   
...          ...       ...       ...       ...       ...  ...       ...   
29995 -14.562916  0.863822  0.055804 -0.154329 -0.158147  ...  0.008582   
29996  -2.599016  0.862737  0.086568 -0.155234 -0.147958  ...  0.001767   
29997  14.582121  0.870499  0.083479 -0.126212 -0.169747  ...  0.004296   
29998  -3.454329 -0.052064 -0.001170  0.071511  0.896966  ... -0.002763   
29999   8.651739 -0.392934  0.719630 -0.242504 -0.191761  ...  0.004447   

             31        32        33        34        35        36  \
0     -0.023840 -0.038204 -0.046938 -0.032508 -0.018367 -0.063737   
1     -0.044112 -0.034287 -0.035699 -0.043956 -0.021677  0.073060   
2      0.913865 -0.242482 -0.124462 -0.080314 -0.038827  0.137551   
3     -0.064214 -0.070299 -0.066225 -0.050518 -0.022368  0.179145   
4     -0.026370 -0.029942 -0.037295 -0.037179 -0.019355 -0.105389   
...         ...       ...       ...       ...       ...       ...   
29995 -0.042276 -0.031888 -0.047951 -0.031766 -0.005833 -0.219671   
29996 -0.023466 -0.028900 -0.017386 -0.042700 -0.020875  0.067582   
29997  0.030825  0.025813  0.094127  0.384972  0.907298 -0.242022   
29998 -0.021363 -0.026857 -0.027565 -0.050039 -0.021976  0.000630   
29999  0.124246  0.929548 -0.181007 -0.112386 -0.035802  0.118442   

                 37            38            39  
0     -3.958731e-10 -5.761471e-11 -1.207278e-10  
1     -5.136673e-10 -3.536276e-11  1.154451e-10  
2      1.357824e-10 -8.774678e-11 -1.057907e-10  
3      6.734526e-10  3.479673e-11 -1.136803e-11  
4     -5.197040e-11 -2.964426e-11  1.382110e-11  
...             ...           ...           ...  
29995  3.263695e-11 -8.969674e-13 -6.319043e-12  
29996  1.143292e-11 -1.346976e-11 -2.045012e-11  
29997 -2.283034e-11 -2.830372e-11  6.041543e-12  
29998 -2.507873e-11 -2.444322e-12 -8.148720e-12  
29999 -5.480989e-11 -3.824865e-12 -3.120725e-12  

[30000 rows x 40 columns]
                 0              1             2             3          4   \
0     -89552.375393  150150.381417 -63026.115873  15021.087087  28.744183   
1     773924.627642  156434.149223  28868.941978  -1623.414565  -8.516319   
2    -396194.182164  -44368.459749  64182.585209   1571.620814  22.416571   
3     209441.789445 -138052.308691  40385.054133 -19438.250055  15.483507   
4    -399760.536789  123623.284243 -53871.533914   9730.950918  15.053883   
...             ...            ...           ...           ...        ...   
9995 -367073.211262  -73923.660538  48001.232036  -8880.468185  17.537781   
9996 -120703.496790  -93800.452621  34959.031176 -28085.741960 -21.250629   
9997  471887.744270  -86319.230350 -33863.567739  -1986.843453   8.406965   
9998  225153.134963 -128088.162856 -42029.202638   2618.665005  23.385241   
9999 -258669.904539 -165330.437673 -42376.636134   2745.958620  -1.419211   

             5         6         7         8         9   ...        30  \
0      0.465910 -0.148088 -0.123824  0.823205 -0.307726  ... -0.060900   
1    -12.525143 -0.386330  0.714253 -0.278169 -0.216385  ...  0.009279   
2      7.523827 -0.379542  0.735640 -0.281088 -0.189128  ... -0.002476   
3    -12.507029  0.855678  0.089745 -0.142537 -0.130304  ...  0.001171   
4     -7.482455 -0.142380 -0.129400  0.817390 -0.318962  ...  0.010911   
...         ...       ...       ...       ...       ...  ...       ...   
9995  13.524954  0.859808  0.079378 -0.131659 -0.149439  ...  0.001195   
9996   9.580242 -0.137823 -0.131168  0.830154 -0.280519  ... -0.015610   
9997   7.515182 -0.054082 -0.007114  0.068255  0.907374  ...  0.763181   
9998   8.510791 -0.122218 -0.122586  0.823329 -0.312291  ... -0.008817   
9999   0.613819 -0.137628 -0.120839  0.827191 -0.313087  ...  0.008435   

            31        32        33        34        35        36  \
0    -0.145149 -0.129180 -0.085896 -0.073592 -0.035342 -0.028901   
1    -0.047299 -0.034243 -0.058241 -0.043104  0.002934 -0.188793   
2    -0.038832 -0.040005 -0.059297 -0.061074 -0.031728 -0.025772   
3     0.030462  0.041307  0.110564  0.871846 -0.432372 -0.212832   
4     0.121727  0.934575 -0.168969 -0.095097 -0.025199 -0.137989   
...        ...       ...       ...       ...       ...       ...   
9995 -0.037858 -0.024052 -0.019143 -0.021936 -0.006649 -0.181513   
9996 -0.047463 -0.035186 -0.029413 -0.048694 -0.029991  0.360784   
9997 -0.210858 -0.115979 -0.081395 -0.085297 -0.036904 -0.037341   
9998 -0.084213 -0.067727 -0.056606 -0.054910 -0.015597  0.297169   
9999  0.023687  0.031298  0.098702  0.357809  0.892666 -0.028435   

                37            38            39  
0     1.942890e-16 -2.328138e-13  2.498002e-16  
1     3.191891e-16  7.663314e-13  6.245005e-17  
2    -2.498002e-16 -6.640521e-13 -5.828671e-16  
3     3.885781e-16  1.032646e-13  8.326673e-17  
4     4.163336e-16  7.469025e-14  3.885781e-16  
...            ...           ...           ...  
9995 -2.220446e-16 -7.717438e-14 -8.326673e-17  
9996 -8.326673e-17 -8.490986e-13 -1.387779e-16  
9997 -2.498002e-16  5.490330e-13 -2.706169e-16  
9998  2.775558e-17 -3.700262e-12  2.220446e-16  
9999  1.387779e-16  9.048318e-15  8.326673e-17  

[10000 rows x 40 columns]

t 0 mean: 10.35511 std: 0.0 diff_std: inf time: 61.68498206138611
t 1 mean: 39.14565 std: 28.79054 diff_std: inf time: 123.45145392417908
t 2 mean: 28.77627 std: 27.7064 diff_std: 0.03766 time: 185.76895785331726
t 3 mean: 23.95577 std: 25.40561 diff_std: 0.08304 time: 245.57417011260986
t 4 mean: 31.16575 std: 26.91265 diff_std: 0.05932 time: 305.4004259109497
t 5 mean: 83.01517 std: 118.51323 diff_std: 3.40362 time: 365.9146091938019
t 6 mean: 71.65736 std: 113.19409 diff_std: 0.04488 time: 425.73173904418945
t 7 mean: 105.1309 std: 138.03853 diff_std: 0.21949 time: 486.36744499206543
t 8 mean: 100.67381 std: 130.75312 diff_std: 0.05278 time: 545.6204001903534
t 9 mean: 97.18685 std: 124.48362 diff_std: 0.04795 time: 608.126049041748
t 10 mean: 99.30414 std: 118.87917 diff_std: 0.04502 time: 666.7396111488342
t 11 mean: 123.79659 std: 139.83293 diff_std: 0.17626 time: 723.5741391181946
t 12 mean: 216.07059 std: 346.73195 diff_std: 1.47962 time: 780.0560219287872
t 13 mean: 264.47685 std: 376.95735 diff_std: 0.08717 time: 836.608057975769
t 14 mean: 247.22112 std: 369.85452 diff_std: 0.01884 time: 894.2495181560516
t 15 mean: 236.17205 std: 360.65783 diff_std: 0.02487 time: 950.7343270778656
t 16 mean: 222.52007 std: 354.12523 diff_std: 0.01811 time: 1007.9179179668427
t 17 mean: 246.82415 std: 358.44031 diff_std: 0.01219 time: 1064.351418018341
t 18 mean: 251.71261 std: 349.4961 diff_std: 0.02495 time: 1120.7140700817108
t 19 mean: 239.41986 std: 344.83514 diff_std: 0.01334 time: 1177.1037249565125
t 20 mean: 228.30604 std: 340.17521 diff_std: 0.01351 time: 1233.6627531051636
t 21 mean: 218.10109 std: 335.62802 diff_std: 0.01337 time: 1290.638258934021
t 22 mean: 213.91514 std: 328.83734 diff_std: 0.02023 time: 1346.8734681606293
t 23 mean: 205.36637 std: 324.51393 diff_std: 0.01315 time: 1402.9024879932404
t 24 mean: 212.80161 std: 320.03704 diff_std: 0.0138 time: 1464.6360960006714
t 25 mean: 217.45017 std: 314.68168 diff_std: 0.01673 time: 1521.0855548381805
t 26 mean: 211.8083 std: 310.13639 diff_std: 0.01444 time: 1578.26748585701
t 27 mean: 222.36601 std: 309.44948 diff_std: 0.00221 time: 1634.5850150585175
t 28 mean: 236.02865 std: 312.54383 diff_std: 0.01 time: 1691.2776939868927
t 29 mean: 253.96057 std: 322.10647 diff_std: 0.0306 time: 1747.8195672035217
t 30 mean: 277.85405 std: 342.8304 diff_std: 0.06434 time: 1804.1656439304352
t 31 mean: 269.36155 std: 340.72802 diff_std: 0.00613 time: 1860.43847489357
[-5495.852739383903, -4799.431377448054, -8729.995253921166, -11839.453694018273, -12072.934693812189, -6976.623566736409, -5656.743759556877]
[-11108.351124091145, -11108.351124091145, -11108.351124091145, -11108.351124091145, -11108.351124091145, -11108.351124091145, -11108.351124091145]
SCD (unidirectional)
None
None



scd_all took 2324.949498653412 seconds

 synthetic_data/abrupt_drift/agraw2_1_abrupt_drift_0_noise_balanced.arff encoder: onehot
SCD_unidir: [4, 5] (0.0, 0.25)


             0         1         2         3         4         5         6   \
0      0.407595  0.759201  0.676285  0.569309  0.930123  0.786295  0.096087   
1      0.492779  0.540262  0.622026  0.339157  0.137504  0.279545  0.014653   
2      0.237356  0.944975  0.025819  0.649654  0.099546  0.280263  0.107710   
3      0.198123  0.120331  0.359822  0.297131  0.538703  0.211780  0.285923   
4      0.430624  0.018589  0.381494  0.273985  0.858922  0.720431  0.028497   
...         ...       ...       ...       ...       ...       ...       ...   
29995  0.644661  0.257236  0.737718  0.046474  0.835671  0.002804  0.980181   
29996  0.611322  0.877797  0.400931  0.261370  0.770396  0.410113  0.979351   
29997  0.962889  0.021606  0.313423  0.344731  0.244885  0.995041  0.985286   
29998  0.674529  0.542808  0.061273  0.609800  0.437080  0.380994  0.279752   
29999  0.145766  0.056240  0.796736  0.196763  0.040687  0.793143  0.019070   

             7         8         9   ...        30        31        32  \
0      0.023670  0.031200  0.116049  ...  0.448664  0.182375  0.181681   
1      0.974861  0.168539  0.117049  ...  0.453111  0.164947  0.184917   
2      0.025697  0.030122  0.102944  ...  0.460570  0.988550  0.012875   
3      0.471412  0.435172  0.983008  ...  0.436739  0.147665  0.155159   
4      0.985792  0.174026  0.129538  ...  0.455154  0.180201  0.188508   
...         ...       ...       ...  ...       ...       ...       ...   
29995  0.517451  0.260288  0.144886  ...  0.463700  0.166526  0.186900   
29996  0.538665  0.259623  0.152905  ...  0.458936  0.182697  0.189369   
29997  0.536535  0.280949  0.135758  ...  0.460704  0.229373  0.234581   
29998  0.478164  0.426238  0.975229  ...  0.455769  0.184506  0.191057   
29999  0.975208  0.195496  0.118433  ...  0.460809  0.309690  0.981384   

             33        34        35        36        37        38        39  
0      0.134816  0.189412  0.317134  0.258217  0.414691  0.469316  0.244763  
1      0.144445  0.179347  0.314717  0.417265  0.408892  0.476419  0.291725  
2      0.068402  0.147381  0.302194  0.492247  0.440865  0.459697  0.247733  
3      0.118294  0.173578  0.314213  0.540607  0.467335  0.498815  0.266509  
4      0.143077  0.185305  0.316413  0.209789  0.431622  0.478245  0.271518  
...         ...       ...       ...       ...       ...       ...       ...  
29995  0.133949  0.190064  0.326287  0.076916  0.435787  0.487421  0.267513  
29996  0.160133  0.180451  0.315303  0.410896  0.434743  0.483408  0.264703  
29997  0.255666  0.556464  0.993081  0.050930  0.433056  0.478673  0.269971  
29998  0.151413  0.173999  0.314499  0.333053  0.432946  0.486927  0.267149  
29999  0.019960  0.119183  0.304403  0.470029  0.431482  0.486487  0.268149  

[30000 rows x 40 columns]
            0         1         2         3         4         5         6   \
0     0.276955  0.796792  0.036459  0.637402  0.947903  0.514458  0.206317   
1     0.940795  0.809270  0.647231  0.437543  0.352788  0.072180  0.024120   
2     0.041209  0.410514  0.881940  0.475908  0.846840  0.754743  0.029312   
3     0.506821  0.224476  0.723772  0.223632  0.736107  0.072797  0.973952   
4     0.038467  0.744114  0.097305  0.573880  0.729245  0.243857  0.210682   
...        ...       ...       ...       ...       ...       ...       ...   
9995  0.063597  0.351823  0.774392  0.350405  0.768917  0.959050  0.977111   
9996  0.253006  0.312352  0.687709  0.119798  0.149398  0.824753  0.214167   
9997  0.708589  0.327208  0.230286  0.433179  0.623082  0.754449  0.278209   
9998  0.518900  0.244263  0.176013  0.488480  0.862311  0.788344  0.226102   
9999  0.146937  0.170307  0.173704  0.490008  0.466141  0.519493  0.214316   

            7         8         9   ...        30        31        32  \
0     0.393585  0.978593  0.027172  ...  0.415129  0.078082  0.106503   
1     0.971500  0.169289  0.099055  ...  0.464187  0.162207  0.184953   
2     0.986248  0.167144  0.120505  ...  0.455970  0.169487  0.180192   
3     0.540856  0.268953  0.166798  ...  0.458519  0.229061  0.247384   
4     0.389739  0.974320  0.018330  ...  0.465328  0.307524  0.985539   
...        ...       ...       ...  ...       ...       ...       ...   
9995  0.533707  0.276947  0.151740  ...  0.458536  0.170324  0.193375   
9996  0.388520  0.983699  0.048583  ...  0.446788  0.162066  0.184174   
9997  0.474065  0.423846  0.983420  ...  0.991196  0.021590  0.117411   
9998  0.394438  0.978684  0.023579  ...  0.451537  0.130471  0.157284   
9999  0.395643  0.981522  0.022953  ...  0.463597  0.223236  0.239114   

            33        34        35        36       37        38        39  
0     0.101441  0.153291  0.304739  0.298719  0.43418  0.487633  0.268769  
1     0.125133  0.180096  0.332689  0.112818  0.43418  0.487952  0.268769  
2     0.124228  0.164296  0.307378  0.302357  0.43418  0.487495  0.268769  
3     0.269747  0.984527  0.014817  0.084869  0.43418  0.487740  0.268769  
4     0.030273  0.134384  0.312146  0.171886  0.43418  0.487731  0.268770  
...        ...       ...       ...       ...      ...       ...       ...  
9995  0.158628  0.198708  0.325691  0.121282  0.43418  0.487683  0.268769  
9996  0.149830  0.175181  0.308646  0.751793  0.43418  0.487436  0.268769  
9997  0.105297  0.143000  0.303599  0.288906  0.43418  0.487883  0.268769  
9998  0.126534  0.169716  0.319157  0.677829  0.43418  0.486526  0.268769  
9999  0.259585  0.532581  0.982396  0.299260  0.43418  0.487710  0.268769  

[10000 rows x 40 columns]
t 0 mean: 22.46011 std: 0.0 diff_std: inf time: 56.665552854537964
t 1 mean: 68875.60939 std: 68853.14928 diff_std: inf time: 112.81662797927856
t 2 mean: 137822.50168 std: 112551.55274 diff_std: 0.63466 time: 171.55129289627075
t 3 mean: 137836.02299 std: 97472.50672 diff_std: 0.13397 time: 228.4129548072815
t 4 mean: 137844.39709 std: 87182.06199 diff_std: 0.10557 time: 287.7328140735626
t 5 mean: 114896.42185 std: 94694.10989 diff_std: 0.08617 time: 344.0408160686493
t 6 mean: 118177.42481 std: 88037.31016 diff_std: 0.0703 time: 400.44821310043335
t 7 mean: 103407.35766 std: 91152.79023 diff_std: 0.03539 time: 457.6251211166382
t 8 mean: 122553.19961 std: 101578.21526 diff_std: 0.11437 time: 514.0790500640869
t 9 mean: 110341.93212 std: 103093.91794 diff_std: 0.01492 time: 570.3190939426422
t 10 mean: 100336.47253 std: 103262.93603 diff_std: 0.00164 time: 626.3793799877167
t 11 mean: 114929.21575 std: 110077.52191 diff_std: 0.06599 time: 682.7410328388214
t 12 mean: 116694.18794 std: 105935.64438 diff_std: 0.03763 time: 740.3224730491638
t 13 mean: 128062.03211 std: 110003.29999 diff_std: 0.0384 time: 797.1983020305634
t 14 mean: 119544.32827 std: 110949.21741 diff_std: 0.0086 time: 858.7328708171844
t 15 mean: 155097.92917 std: 174646.06736 diff_std: 0.57411 time: 918.1382610797882
t 16 mean: 145975.09744 std: 173316.68897 diff_std: 0.00761 time: 976.3861770629883
t 17 mean: 137883.26258 std: 171706.09153 diff_std: 0.00929 time: 1034.8347477912903
t 18 mean: 137883.26498 std: 167126.43711 diff_std: 0.02667 time: 1093.6319558620453
t 19 mean: 130996.75319 std: 165637.37661 diff_std: 0.00891 time: 1151.7671220302582
t 20 mean: 131337.45065 std: 161652.70858 diff_std: 0.02406 time: 1211.5630359649658
t 21 mean: 131640.60713 std: 157942.16743 diff_std: 0.02295 time: 1268.309133052826
t 22 mean: 131912.04225 std: 154475.73359 diff_std: 0.02195 time: 1324.9819960594177
t 23 mean: 126416.4788 std: 153502.76522 diff_std: 0.0063 time: 1382.317566871643
t 24 mean: 126874.8853 std: 150418.14468 diff_std: 0.02009 time: 1438.9668841362
t 25 mean: 122001.41351 std: 149496.38907 diff_std: 0.00613 time: 1495.4106619358063
t 26 mean: 117488.9838 std: 148495.23853 diff_std: 0.0067 time: 1551.9822940826416
t 27 mean: 113298.34844 std: 147436.30653 diff_std: 0.00713 time: 1608.476623058319
t 28 mean: 118893.8429 std: 147866.71151 diff_std: 0.00292 time: 1665.4341781139374
t 29 mean: 119530.67551 std: 145421.82325 diff_std: 0.01653 time: 1723.6259489059448

t 30 mean: 115675.48691 std: 144607.06559 diff_std: 0.0056 time: 1782.383635044098
[-37250.130376022134, -36722.41778616374, -40396.57049591583, -43445.59143213305, -43562.662282258505, -38903.246898182144, -37369.63316993305]
[-195107.36077547524, -195107.36077547524, -195107.36077547524, -195107.36077547524, -195107.36077547524, -195107.36077547524, -195107.36077547524]
SCD (unidirectional)
None
None



scd_all took 2256.587635278702 seconds

 synthetic_data/abrupt_drift/agraw2_1_abrupt_drift_0_noise_balanced.arff encoder: onehot
SCD_unidir: [] (0.0, 1.0)
