Airlines SyncStream all encoder/scaler combinations

       0      1      2    3    4    5    6    7    8    9   ...   11   12  \
0  6230.0  671.0   36.0  0.0  0.0  0.0  0.0  0.0  0.0  0.0  ...  0.0  0.0   
1  6849.0  671.0   38.0  0.0  0.0  0.0  0.0  0.0  0.0  0.0  ...  0.0  0.0   
2  6973.0  671.0  149.0  0.0  0.0  0.0  0.0  0.0  0.0  0.0  ...  0.0  0.0   
3   177.0  671.0  408.0  0.0  0.0  0.0  0.0  0.0  0.0  0.0  ...  0.0  0.0   
4  2322.0  671.0   69.0  0.0  0.0  0.0  0.0  0.0  0.0  0.0  ...  0.0  0.0   

    13   14   15   16   17   18   19   20  
0  0.0  0.0  1.0  0.0  0.0  0.0  0.0  0.0  
1  0.0  0.0  1.0  0.0  0.0  0.0  0.0  0.0  
2  0.0  0.0  1.0  0.0  0.0  0.0  0.0  0.0  
3  0.0  0.0  0.0  1.0  0.0  0.0  0.0  0.0  
4  0.0  0.0  0.0  0.0  0.0  0.0  1.0  0.0  

[5 rows x 21 columns]
[0.09357551987250345, 0.032056180391550254, 0.029709125275016943, 0.028319387649035358, 0.0384058887555815, 0.03568104724857768, 0.21851466912834602, 0.12276395215902955, 0.07571697304387973, 0.07912797258300978, 0.11906379906694002, 0.037588459861322705, 0.040408930409815635, 0.4741289243677253, 0.11386238246827571, 0.1943377072062574, 0.06311473080518101, 0.032890031389396446, 0.08232051371494321, 0.037353373615714704, 0.25623256022551016, 0.19347018914906775]
[30, 30, 30, 30, 30, 30, 30, 30, 30, 30, 30, 30, 30, 30, 30, 30, 30, 30, 30, 30, 30, 30]
SyncStream-PCA (fixed reference)
None
None

￼

syncstream_pca_all took 1.0416197776794434 seconds
       0      1      2    3    4    5    6    7    8    9   ...   11   12  \
0  6230.0  671.0   36.0  0.0  0.0  0.0  0.0  0.0  0.0  0.0  ...  0.0  0.0   
1  6849.0  671.0   38.0  0.0  0.0  0.0  0.0  0.0  0.0  0.0  ...  0.0  0.0   
2  6973.0  671.0  149.0  0.0  0.0  0.0  0.0  0.0  0.0  0.0  ...  0.0  0.0   
3   177.0  671.0  408.0  0.0  0.0  0.0  0.0  0.0  0.0  0.0  ...  0.0  0.0   
4  2322.0  671.0   69.0  0.0  0.0  0.0  0.0  0.0  0.0  0.0  ...  0.0  0.0   

    13   14   15   16   17   18   19   20  
0  0.0  0.0  1.0  0.0  0.0  0.0  0.0  0.0  
1  0.0  0.0  1.0  0.0  0.0  0.0  0.0  0.0  
2  0.0  0.0  1.0  0.0  0.0  0.0  0.0  0.0  
3  0.0  0.0  0.0  1.0  0.0  0.0  0.0  0.0  
4  0.0  0.0  0.0  0.0  0.0  0.0  1.0  0.0  

[5 rows x 21 columns]
[1.6773170424685784, 1.7021984930173537, 1.6807122197782884, 0.4655535398167344, 1.9167625948691032, 4.527842838488763, 9.001435275904196, 3.364936889797282, 7.027217687277795, 7.779293664388851, 8.791541970036665, 9.767575275721068, 3.113625929896342, 3.309751889072009, 4.312845563631215, 10.164778813942783, 11.104907298166415, 0.37783711344312026, 2.4110398575808296, 1.2939062144394038, 6.939213320121766, 28.481468963997642]
[2.5758293035489004, 2.5758293035489004, 2.5758293035489004, 2.5758293035489004, 2.5758293035489004, 2.5758293035489004, 2.5758293035489004, 2.5758293035489004, 2.5758293035489004, 2.5758293035489004, 2.5758293035489004, 2.5758293035489004, 2.5758293035489004, 2.5758293035489004, 2.5758293035489004, 2.5758293035489004, 2.5758293035489004, 2.5758293035489004, 2.5758293035489004, 2.5758293035489004, 2.5758293035489004, 2.5758293035489004]
SyncStream-Stat (fixed reference)
None
None

￼

syncstream_stat_all took 109.50697326660156 seconds

 real_world_data/airline_dataset.csv encoder: onehot
PCA_ref: [] (0.0, 0.0) Stat_ref: [6, 7, 8, 9, 10, 11, 12, 13, 14, 15, 16, 17, 21, 22] (0.3333333333333333, 0.6842105263157895)


         0         1         2    3    4    5    6    7    8    9   ...   11  \
0  0.797363  0.462561  0.054962  0.0  0.0  0.0  0.0  0.0  0.0  0.0  ...  0.0   
1  0.876600  0.462561  0.058015  0.0  0.0  0.0  0.0  0.0  0.0  0.0  ...  0.0   
2  0.892473  0.462561  0.227481  0.0  0.0  0.0  0.0  0.0  0.0  0.0  ...  0.0   
3  0.022529  0.462561  0.622901  0.0  0.0  0.0  0.0  0.0  0.0  0.0  ...  0.0   
4  0.297107  0.462561  0.105344  0.0  0.0  0.0  0.0  0.0  0.0  0.0  ...  0.0   

    12   13   14   15   16   17   18   19   20  
0  0.0  0.0  0.0  1.0  0.0  0.0  0.0  0.0  0.0  
1  0.0  0.0  0.0  1.0  0.0  0.0  0.0  0.0  0.0  
2  0.0  0.0  0.0  1.0  0.0  0.0  0.0  0.0  0.0  
3  0.0  0.0  0.0  0.0  1.0  0.0  0.0  0.0  0.0  
4  0.0  0.0  0.0  0.0  0.0  0.0  0.0  1.0  0.0  

[5 rows x 21 columns]
[2.6246741353261207, 0.7290980781727718, 1.1869058771103693, 0.9860817250493816, 0.6580479610304771, 1.0897618607445714, 4.129077979815359, 166.6233529868093, 2.197709984443994, 3.171015368201204, 2.326709249254815, 2.420325077036418, 2.0308094229881455, 4.2103471819859575, 2.9288941007180234, 1.7781221930062703, 1.8888383248083331, 3.581315306844741, 0.9989161277585561, 1.0503341051769413, 3.376251027002892, 101.07968795739406]
[30, 30, 30, 30, 30, 30, 30, 30, 30, 30, 30, 30, 30, 30, 30, 30, 30, 30, 30, 30, 30, 30]
SyncStream-PCA (fixed reference)
None
None

￼

syncstream_pca_all took 1.063382863998413 seconds
         0         1         2    3    4    5    6    7    8    9   ...   11  \
0  0.797363  0.462561  0.054962  0.0  0.0  0.0  0.0  0.0  0.0  0.0  ...  0.0   
1  0.876600  0.462561  0.058015  0.0  0.0  0.0  0.0  0.0  0.0  0.0  ...  0.0   
2  0.892473  0.462561  0.227481  0.0  0.0  0.0  0.0  0.0  0.0  0.0  ...  0.0   
3  0.022529  0.462561  0.622901  0.0  0.0  0.0  0.0  0.0  0.0  0.0  ...  0.0   
4  0.297107  0.462561  0.105344  0.0  0.0  0.0  0.0  0.0  0.0  0.0  ...  0.0   

    12   13   14   15   16   17   18   19   20  
0  0.0  0.0  0.0  1.0  0.0  0.0  0.0  0.0  0.0  
1  0.0  0.0  0.0  1.0  0.0  0.0  0.0  0.0  0.0  
2  0.0  0.0  0.0  1.0  0.0  0.0  0.0  0.0  0.0  
3  0.0  0.0  0.0  0.0  1.0  0.0  0.0  0.0  0.0  
4  0.0  0.0  0.0  0.0  0.0  0.0  0.0  1.0  0.0  

[5 rows x 21 columns]
[1.6773170424685784, 1.7021984930173537, 1.6807122197782884, 0.4655535398167344, 1.9167625948691032, 4.527842838488763, 9.001435275904196, 3.364936889797282, 7.027217687277795, 7.779293664388851, 8.791541970036665, 9.767575275721068, 3.113625929896342, 3.309751889072009, 4.312845563631215, 10.164778813942783, 11.104907298166415, 0.37783711344312026, 2.4110398575808296, 1.2939062144394038, 6.939213320121766, 28.481468963997642]
[2.5758293035489004, 2.5758293035489004, 2.5758293035489004, 2.5758293035489004, 2.5758293035489004, 2.5758293035489004, 2.5758293035489004, 2.5758293035489004, 2.5758293035489004, 2.5758293035489004, 2.5758293035489004, 2.5758293035489004, 2.5758293035489004, 2.5758293035489004, 2.5758293035489004, 2.5758293035489004, 2.5758293035489004, 2.5758293035489004, 2.5758293035489004, 2.5758293035489004, 2.5758293035489004, 2.5758293035489004]
SyncStream-Stat (fixed reference)
None
None

￼

syncstream_stat_all took 106.23795986175537 seconds

 real_world_data/airline_dataset.csv encoder: onehot
PCA_ref: [8, 22] (0.0, 0.10526315789473684) Stat_ref: [6, 7, 8, 9, 10, 11, 12, 13, 14, 15, 16, 17, 21, 22] (0.3333333333333333, 0.6842105263157895)


        0      1      2     3
0  6230.0  671.0   36.0  12.0
1  6849.0  671.0   38.0  12.0
2  6973.0  671.0  149.0  12.0
3   177.0  671.0  408.0  13.0
4  2322.0  671.0   69.0  16.0
[0.09373848668635117, 0.032065617796914775, 0.029733574242209508, 0.028365562250097415, 0.03841484525119639, 0.0356934512492261, 0.21852725785187116, 0.12302611108176018, 0.07572330390954374, 0.07913819255634305, 0.1190635897249462, 0.037586738545051235, 0.040412384326806425, 0.47420137795311074, 0.11410797336648762, 0.19433863600918588, 0.06311640301457275, 0.03289469766532942, 0.08232010149753492, 0.03735342226513672, 0.2563177866246147, 0.19482703234938828]
[30, 30, 30, 30, 30, 30, 30, 30, 30, 30, 30, 30, 30, 30, 30, 30, 30, 30, 30, 30, 30, 30]
SyncStream-PCA (fixed reference)
None
None

￼

syncstream_pca_all took 0.4063100814819336 seconds
        0      1      2     3
0  6230.0  671.0   36.0  12.0
1  6849.0  671.0   38.0  12.0
2  6973.0  671.0  149.0  12.0
3   177.0  671.0  408.0  13.0
4  2322.0  671.0   69.0  16.0
[4.135065255086893, 2.5502164444912254, 2.072563592695077, 0.7043694380115532, 2.9299998124936777, 5.718164642958484, 10.754634627566375, 2.2912079641094616, 9.06951672996814, 9.28881666747847, 11.271212223894642, 12.998069676973936, 2.8314307395457936, 3.4877528052134976, 6.8568227701527285, 13.19914909439262, 14.423940349440716, 1.125133863014197, 2.211956604733168, 0.961471490158701, 8.566018192866398, 31.57842803278104]
[2.5758293035489004, 2.5758293035489004, 2.5758293035489004, 2.5758293035489004, 2.5758293035489004, 2.5758293035489004, 2.5758293035489004, 2.5758293035489004, 2.5758293035489004, 2.5758293035489004, 2.5758293035489004, 2.5758293035489004, 2.5758293035489004, 2.5758293035489004, 2.5758293035489004, 2.5758293035489004, 2.5758293035489004, 2.5758293035489004, 2.5758293035489004, 2.5758293035489004, 2.5758293035489004, 2.5758293035489004]
SyncStream-Stat (fixed reference)
None
None

￼

syncstream_stat_all took 20.60284924507141 seconds

 real_world_data/airline_dataset.csv encoder: ordinal
PCA_ref: [] (0.0, 0.0) Stat_ref: [1, 5, 6, 7, 9, 10, 11, 12, 13, 14, 15, 16, 17, 21, 22] (0.6666666666666666, 0.6842105263157895)


          0         1         2         3
0  0.797363  0.462561  0.054962  0.705882
1  0.876600  0.462561  0.058015  0.705882
2  0.892473  0.462561  0.227481  0.705882
3  0.022529  0.462561  0.622901  0.764706
4  0.297107  0.462561  0.105344  0.941176
[176.51736134927754, 0.8802382762321677, 0.4388790245383388, 0.8637913848528455, 0.9543558691690708, 0.8405444467624549, 177.81284845971243, 174.92404289951995, 0.6418948553449837, 0.508428884240256, 1.4660780196987637, 1.2553124414618664, 1.9340231239406558, 174.70801308543057, 176.74832520915342, 1.3724958561488951, 1.7793666250498013, 1.9503043067046089, 0.724263965242331, 1.1438971808049887, 177.33549723174917, 172.42388598376215]
[30, 30, 30, 30, 30, 30, 30, 30, 30, 30, 30, 30, 30, 30, 30, 30, 30, 30, 30, 30, 30, 30]
SyncStream-PCA (fixed reference)
None
None

￼

syncstream_pca_all took 0.4410548210144043 seconds
          0         1         2         3
0  0.797363  0.462561  0.054962  0.705882
1  0.876600  0.462561  0.058015  0.705882
2  0.892473  0.462561  0.227481  0.705882
3  0.022529  0.462561  0.622901  0.764706
4  0.297107  0.462561  0.105344  0.941176
[4.135065255086893, 2.5502164444912254, 2.072563592695077, 0.7043694380115532, 2.9299998124936777, 5.718164642958484, 10.754634627566375, 2.2912079641094616, 9.06951672996814, 9.28881666747847, 11.271212223894642, 12.998069676973936, 2.8314307395457936, 3.4877528052134976, 6.8568227701527285, 13.19914909439262, 14.423940349440716, 1.125133863014197, 2.211956604733168, 0.961471490158701, 8.566018192866398, 31.57842803278104]
[2.5758293035489004, 2.5758293035489004, 2.5758293035489004, 2.5758293035489004, 2.5758293035489004, 2.5758293035489004, 2.5758293035489004, 2.5758293035489004, 2.5758293035489004, 2.5758293035489004, 2.5758293035489004, 2.5758293035489004, 2.5758293035489004, 2.5758293035489004, 2.5758293035489004, 2.5758293035489004, 2.5758293035489004, 2.5758293035489004, 2.5758293035489004, 2.5758293035489004, 2.5758293035489004, 2.5758293035489004]
SyncStream-Stat (fixed reference)
None
None

￼

syncstream_stat_all took 19.990429878234863 seconds

 real_world_data/airline_dataset.csv encoder: ordinal
PCA_ref: [1, 7, 8, 14, 15, 21, 22] (0.6666666666666666, 0.2631578947368421) Stat_ref: [1, 5, 6, 7, 9, 10, 11, 12, 13, 14, 15, 16, 17, 21, 22] (0.6666666666666666, 0.6842105263157895)


         Airline  Flight   Time  Length
179794  0.352766  6230.0  671.0    36.0
179795  0.352766  6849.0  671.0    38.0
179796  0.352766  6973.0  671.0   149.0
179797  0.228921   177.0  671.0   408.0
179798  0.263153  2322.0  671.0    69.0
[0.09357380020351362, 0.03205602166069866, 0.0297086043809076, 0.028318282691166152, 0.03840548100457211, 0.03568043020456499, 0.21851446689261056, 0.1227602238874248, 0.07571646373371564, 0.07912735200261128, 0.11906345991607281, 0.03758679958529574, 0.04040756381967542, 0.47412778784937987, 0.1138593326179921, 0.19433749578594953, 0.06311376705675174, 0.032887657498053384, 0.08231995483059146, 0.03735189723270919, 0.2562314923656939, 0.19345503458191077]
[30, 30, 30, 30, 30, 30, 30, 30, 30, 30, 30, 30, 30, 30, 30, 30, 30, 30, 30, 30, 30, 30]
SyncStream-PCA (fixed reference)
None
None

￼

syncstream_pca_all took 0.5541510581970215 seconds
         Airline  Flight   Time  Length
179794  0.352766  6230.0  671.0    36.0
179795  0.352766  6849.0  671.0    38.0
179796  0.352766  6973.0  671.0   149.0
179797  0.228921   177.0  671.0   408.0
179798  0.263153  2322.0  671.0    69.0
[2.418176120602353, 1.8603911972489695, 2.6638450283066106, 1.2723863762018546, 2.613528372031402, 5.9501613457732185, 10.01049870209435, 2.6625728392497447, 8.279937913308725, 9.477705971600077, 10.690552863404434, 12.403272386037868, 3.32498854150361, 2.4835900269027973, 6.235174803121013, 13.015908556038726, 13.875462740942442, 0.6715371291891749, 2.6847805498361987, 0.9144614116485341, 6.783916962566698, 31.67967889871271]
[2.5758293035489004, 2.5758293035489004, 2.5758293035489004, 2.5758293035489004, 2.5758293035489004, 2.5758293035489004, 2.5758293035489004, 2.5758293035489004, 2.5758293035489004, 2.5758293035489004, 2.5758293035489004, 2.5758293035489004, 2.5758293035489004, 2.5758293035489004, 2.5758293035489004, 2.5758293035489004, 2.5758293035489004, 2.5758293035489004, 2.5758293035489004, 2.5758293035489004, 2.5758293035489004, 2.5758293035489004]
SyncStream-Stat (fixed reference)
None
None

￼

syncstream_stat_all took 20.723742961883545 seconds

 real_world_data/airline_dataset.csv encoder: target
PCA_ref: [] (0.0, 0.0) Stat_ref: [3, 5, 6, 7, 8, 9, 10, 11, 12, 13, 15, 16, 17, 19, 21, 22] (0.0, 0.8421052631578947)


          0         1         2         3
0  0.481796  0.797363  0.462561  0.054962
1  0.481796  0.876600  0.462561  0.058015
2  0.481796  0.892473  0.462561  0.227481
3  0.183619  0.022529  0.462561  0.622901
4  0.266038  0.297107  0.462561  0.105344
[6.643350670592407, 0.8640377241047913, 1.3539333202151809, 1.8127771037202371, 1.2733056359397819, 1.4047083352302694, 3.6114685900006536, 4.417612288923378, 0.6845140384698799, 1.9484597913333386, 0.9523495311294001, 1.815606554592799, 0.4391703280171248, 8.739144266488783, 8.809928049485109, 1.8740432645814435, 1.3428480043453177, 1.5819546682020882, 0.3895670977511508, 0.9207941712713263, 8.74918613791298, 131.24045551554238]
[30, 30, 30, 30, 30, 30, 30, 30, 30, 30, 30, 30, 30, 30, 30, 30, 30, 30, 30, 30, 30, 30]
SyncStream-PCA (fixed reference)
None
None

￼

syncstream_pca_all took 0.5729601383209229 seconds
          0         1         2         3
0  0.481796  0.797363  0.462561  0.054962
1  0.481796  0.876600  0.462561  0.058015
2  0.481796  0.892473  0.462561  0.227481
3  0.183619  0.022529  0.462561  0.622901
4  0.266038  0.297107  0.462561  0.105344
[2.418176120602353, 1.8603911972489695, 2.6638450283066106, 1.2723863762018546, 2.613528372031402, 5.9501613457732185, 10.01049870209435, 2.6625728392497447, 8.279937913308725, 9.477705971600077, 10.690552863404434, 12.403272386037868, 3.32498854150361, 2.4835900269027973, 6.235174803121013, 13.015908556038726, 13.875462740942442, 0.6715371291891749, 2.6847805498361987, 0.9144614116485341, 6.783916962566698, 31.67967889871271]
[2.5758293035489004, 2.5758293035489004, 2.5758293035489004, 2.5758293035489004, 2.5758293035489004, 2.5758293035489004, 2.5758293035489004, 2.5758293035489004, 2.5758293035489004, 2.5758293035489004, 2.5758293035489004, 2.5758293035489004, 2.5758293035489004, 2.5758293035489004, 2.5758293035489004, 2.5758293035489004, 2.5758293035489004, 2.5758293035489004, 2.5758293035489004, 2.5758293035489004, 2.5758293035489004, 2.5758293035489004]
SyncStream-Stat (fixed reference)
None
None

￼

syncstream_stat_all took 20.553842782974243 seconds

 real_world_data/airline_dataset.csv encoder: target
PCA_ref: [22] (0.0, 0.05263157894736842) Stat_ref: [3, 5, 6, 7, 8, 9, 10, 11, 12, 13, 15, 16, 17, 19, 21, 22] (0.0, 0.8421052631578947)
