AGRAW SCD

synthetic_data/abrupt_drift/agraw1_1_abrupt_drift_0_noise_balanced.arff encoder: onehot
SCD_unidir: [] (0.0, 1.0)



 synthetic_data/abrupt_drift/agraw1_1_abrupt_drift_0_noise_balanced.arff encoder: onehot
SCD_unidir: [] (0.0, 1.0)


               0    1     2              3     4              5    6     7  \
0   94052.603413  0.0  57.0  835277.540425  13.0  458161.406454  4.0  16.0   
1  126968.139969  0.0  33.0  791767.795022  29.0  270908.133526  4.0  15.0   
2   84083.270627  0.0  45.0  641084.722505  22.0  497250.001976  1.0  16.0   
3   81329.691403  0.0  35.0  131564.964613   7.0  299779.122063  2.0   7.0   
4   80342.293364  0.0  59.0  660016.452623  21.0    4513.838055  3.0   1.0   

     8  
0  0.0  
1  3.0  
2  2.0  
3  7.0  
4  3.0  
[23.898696345160715, 134.88724270183593, 1099.2583066700026, 2035.5310265792068, 2167.0738625363447, 1636.7086296881316, -949.4995110335294]
[-412.76867469283036, -412.76867469283036, -412.76867469283036, -412.76867469283036, -412.76867469283036, -412.76867469283036, -412.76867469283036]
SCD (unidirectional)
None
None



scd_all took 604.1547210216522 seconds

 synthetic_data/abrupt_drift/agraw1_1_abrupt_drift_0_noise_balanced.arff encoder: ordinal
SCD_unidir: [7] (0.0, 1.0)


          0    1         2         3         4         5     6         7  \
0  0.569645  0.0  0.616667  0.604099  0.413793  0.916336  1.00  0.842105   
1  0.822848  0.0  0.216667  0.570628  0.965517  0.541814  1.00  0.789474   
2  0.492955  0.0  0.416667  0.454710  0.724138  0.994516  0.25  0.842105   
3  0.471773  0.0  0.250000  0.062746  0.206897  0.599558  0.50  0.368421   
4  0.464178  0.0  0.650000  0.469274  0.689655  0.009004  0.75  0.052632   

       8  
0  0.000  
1  0.375  
2  0.250  
3  0.875  
4  0.375  
[39.17233249624201, 210.6764603663463, 1072.0940467241148, 2137.4845184868427, 2052.715481829964, 1617.1173866551203, -984.9812920439756]
[-410.9821749635664, -410.9821749635664, -410.9821749635664, -410.9821749635664, -410.9821749635664, -410.9821749635664, -410.9821749635664]
SCD (unidirectional)
None
None



scd_all took 614.2260150909424 seconds

 synthetic_data/abrupt_drift/agraw1_1_abrupt_drift_0_noise_balanced.arff encoder: ordinal
SCD_unidir: [7] (0.0, 1.0)


              salary  commission   age    elevel       car   zipcode  \
30000   94052.603413         0.0  57.0  0.494607  0.507503  0.500302   
30001  126968.139969         0.0  33.0  0.494607  0.498978  0.510095   
30002   84083.270627         0.0  45.0  0.508644  0.507503  0.493775   
30003   81329.691403         0.0  35.0  0.496712  0.478290  0.501487   
30004   80342.293364         0.0  59.0  0.498439  0.493637  0.510095   

              hvalue  hyears           loan  
30000  835277.540425    13.0  458161.406454  
30001  791767.795022    29.0  270908.133526  
30002  641084.722505    22.0  497250.001976  
30003  131564.964613     7.0  299779.122063  
30004  660016.452623    21.0    4513.838055  
[-124.9697596093174, 134.7467538472265, 1032.4988923588535, 1902.9420379433432, 1795.5565619799308, 1363.6614356643404, -924.5785703631118]
[-438.6629049102, -438.6629049102, -438.6629049102, -438.6629049102, -438.6629049102, -438.6629049102, -438.6629049102]
SCD (unidirectional)
None
None



scd_all took 570.3291099071503 seconds

 synthetic_data/abrupt_drift/agraw1_1_abrupt_drift_0_noise_balanced.arff encoder: target
SCD_unidir: [7] (0.0, 1.0)


          0    1         2         3         4         5         6         7  \
0  0.569645  0.0  0.616667  0.000000  0.612047  0.440529  0.604099  0.413793   
1  0.822848  0.0  0.216667  0.000000  0.438739  1.000000  0.570628  0.965517   
2  0.492955  0.0  0.416667  1.000000  0.612047  0.067598  0.454710  0.724138   
3  0.471773  0.0  0.250000  0.149911  0.018228  0.508225  0.062746  0.206897   
4  0.464178  0.0  0.650000  0.272958  0.330182  1.000000  0.469274  0.689655   

          8  
0  0.916336  
1  0.541814  
2  0.994516  
3  0.599558  
4  0.009004  
[-0.6162070553573358, 230.11813374186022, 1155.9839536578888, 2028.279542835298, 1879.4632063798394, 1486.3169008937211, -781.4684880946706]
[-440.78810457575554, -440.78810457575554, -440.78810457575554, -440.78810457575554, -440.78810457575554, -440.78810457575554, -440.78810457575554]
SCD (unidirectional)
None
None



scd_all took 604.10098695755 seconds

 synthetic_data/abrupt_drift/agraw1_1_abrupt_drift_0_noise_balanced.arff encoder: target
SCD_unidir: [7] (0.0, 1.0)



 synthetic_data/gradual_drift/agraw1_1_gradual_drift_0_noise_balanced_1.arff encoder: onehot
SCD_unidir: [] (0.0, 1.0)



 synthetic_data/gradual_drift/agraw1_1_gradual_drift_0_noise_balanced_1.arff encoder: onehot
SCD_unidir: [] (0.0, 1.0)


               0    1     2              3     4              5    6     7  \
0   94052.603413  0.0  57.0  835277.540425  13.0  458161.406454  4.0  16.0   
1  126968.139969  0.0  33.0  791767.795022  29.0  270908.133526  4.0  15.0   
2   84083.270627  0.0  45.0  641084.722505  22.0  497250.001976  1.0  16.0   
3   81329.691403  0.0  35.0  131564.964613   7.0  299779.122063  2.0   7.0   
4   80342.293364  0.0  59.0  660016.452623  21.0    4513.838055  3.0   1.0   

     8  
0  0.0  
1  3.0  
2  2.0  
3  7.0  
4  3.0  
[-20.245049664052203, 85.73790450778324, 1083.6269758425187, 2120.1032319852384, 2003.2894944389118, 1552.368840483483, -953.7841913393931]
[-407.9098547067666, -407.9098547067666, -407.9098547067666, -407.9098547067666, -407.9098547067666, -407.9098547067666, -407.9098547067666]
SCD (unidirectional)
None
None



scd_all took 593.2662239074707 seconds

 synthetic_data/gradual_drift/agraw1_1_gradual_drift_0_noise_balanced_1.arff encoder: ordinal
SCD_unidir: [7] (0.0, 1.0)


          0    1         2         3         4         5     6         7  \
0  0.569645  0.0  0.616667  0.604099  0.413793  0.916336  1.00  0.842105   
1  0.822848  0.0  0.216667  0.570628  0.965517  0.541814  1.00  0.789474   
2  0.492955  0.0  0.416667  0.454710  0.724138  0.994516  0.25  0.842105   
3  0.471773  0.0  0.250000  0.062746  0.206897  0.599558  0.50  0.368421   
4  0.464178  0.0  0.650000  0.469274  0.689655  0.009004  0.75  0.052632   

       8  
0  0.000  
1  0.375  
2  0.250  
3  0.875  
4  0.375  
[20.381632420792698, 92.59395569106141, 1140.1820858567553, 2046.7766447076651, 2033.206332721299, 1672.0048132930829, -1005.0454778703279]
[-410.1025757524815, -410.1025757524815, -410.1025757524815, -410.1025757524815, -410.1025757524815, -410.1025757524815, -410.1025757524815]
SCD (unidirectional)
None
None



scd_all took 598.133807182312 seconds

 synthetic_data/gradual_drift/agraw1_1_gradual_drift_0_noise_balanced_1.arff encoder: ordinal
SCD_unidir: [7] (0.0, 1.0)


              salary  commission   age    elevel       car   zipcode  \
30000   94052.603413         0.0  57.0  0.494607  0.507503  0.500302   
30001  126968.139969         0.0  33.0  0.494607  0.498978  0.510095   
30002   84083.270627         0.0  45.0  0.508644  0.507503  0.493775   
30003   81329.691403         0.0  35.0  0.496712  0.478290  0.501487   
30004   80342.293364         0.0  59.0  0.498439  0.493637  0.510095   

              hvalue  hyears           loan  
30000  835277.540425    13.0  458161.406454  
30001  791767.795022    29.0  270908.133526  
30002  641084.722505    22.0  497250.001976  
30003  131564.964613     7.0  299779.122063  
30004  660016.452623    21.0    4513.838055  
[-34.10153020656435, 138.31524592806818, 1135.864093016542, 1936.738727881282, 1879.7725496915518, 1517.7278785586823, -839.434334633348]
[-437.6888564458318, -437.6888564458318, -437.6888564458318, -437.6888564458318, -437.6888564458318, -437.6888564458318, -437.6888564458318]
SCD (unidirectional)
None
None



scd_all took 518.8557047843933 seconds

 synthetic_data/gradual_drift/agraw1_1_gradual_drift_0_noise_balanced_1.arff encoder: target
SCD_unidir: [7] (0.0, 1.0)


          0    1         2         3         4         5         6         7  \
0  0.569645  0.0  0.616667  0.000000  0.612047  0.440529  0.604099  0.413793   
1  0.822848  0.0  0.216667  0.000000  0.438739  1.000000  0.570628  0.965517   
2  0.492955  0.0  0.416667  1.000000  0.612047  0.067598  0.454710  0.724138   
3  0.471773  0.0  0.250000  0.149911  0.018228  0.508225  0.062746  0.206897   
4  0.464178  0.0  0.650000  0.272958  0.330182  1.000000  0.469274  0.689655   

          8  
0  0.916336  
1  0.541814  
2  0.994516  
3  0.599558  
4  0.009004  
[-54.99599262358788, 153.7484313865598, 1109.867718504685, 1952.759611608304, 1986.8794716164048, 1516.2141883217519, -851.2909680091307]
[-441.57117409369255, -441.57117409369255, -441.57117409369255, -441.57117409369255, -441.57117409369255, -441.57117409369255, -441.57117409369255]
SCD (unidirectional)
None
None



scd_all took 508.6113877296448 seconds

 synthetic_data/gradual_drift/agraw1_1_gradual_drift_0_noise_balanced_1.arff encoder: target
SCD_unidir: [7] (0.0, 1.0)



 synthetic_data/gradual_drift/agraw1_1_gradual_drift_0_noise_balanced_5.arff encoder: onehot
SCD_unidir: [] (0.0, 1.0)



 synthetic_data/gradual_drift/agraw1_1_gradual_drift_0_noise_balanced_5.arff encoder: onehot
SCD_unidir: [] (0.0, 1.0)


               0    1     2              3     4              5    6     7  \
0   94052.603413  0.0  57.0  835277.540425  13.0  458161.406454  4.0  16.0   
1  126968.139969  0.0  33.0  791767.795022  29.0  270908.133526  4.0  15.0   
2   84083.270627  0.0  45.0  641084.722505  22.0  497250.001976  1.0  16.0   
3   81329.691403  0.0  35.0  131564.964613   7.0  299779.122063  2.0   7.0   
4   80342.293364  0.0  59.0  660016.452623  21.0    4513.838055  3.0   1.0   

     8  
0  0.0  
1  3.0  
2  2.0  
3  7.0  
4  3.0  
[-22.06679247249849, 131.84282792720478, 1122.6924092530971, 2017.049497052445, 2054.904732052237, 1578.7593281510053, -990.9943952687318]
[-407.21794432463633, -407.21794432463633, -407.21794432463633, -407.21794432463633, -407.21794432463633, -407.21794432463633, -407.21794432463633]
SCD (unidirectional)
None
None



scd_all took 554.0907971858978 seconds

 synthetic_data/gradual_drift/agraw1_1_gradual_drift_0_noise_balanced_5.arff encoder: ordinal
SCD_unidir: [7] (0.0, 1.0)


          0    1         2         3         4         5     6         7  \
0  0.569645  0.0  0.616667  0.604099  0.413793  0.916336  1.00  0.842105   
1  0.822848  0.0  0.216667  0.570628  0.965517  0.541814  1.00  0.789474   
2  0.492955  0.0  0.416667  0.454710  0.724138  0.994516  0.25  0.842105   
3  0.471773  0.0  0.250000  0.062746  0.206897  0.599558  0.50  0.368421   
4  0.464178  0.0  0.650000  0.469274  0.689655  0.009004  0.75  0.052632   

       8  
0  0.000  
1  0.375  
2  0.250  
3  0.875  
4  0.375  
[20.949805897690567, 145.66415918615837, 1160.1006439593268, 1974.5107392933303, 2091.404852097334, 1539.595564829964, -959.8189092206942]
[-405.88636565143605, -405.88636565143605, -405.88636565143605, -405.88636565143605, -405.88636565143605, -405.88636565143605, -405.88636565143605]
SCD (unidirectional)
None
None



scd_all took 575.8327550888062 seconds

 synthetic_data/gradual_drift/agraw1_1_gradual_drift_0_noise_balanced_5.arff encoder: ordinal
SCD_unidir: [7] (0.0, 1.0)


              salary  commission   age    elevel       car   zipcode  \
30000   94052.603413         0.0  57.0  0.494607  0.507503  0.500302   
30001  126968.139969         0.0  33.0  0.494607  0.498978  0.510095   
30002   84083.270627         0.0  45.0  0.508644  0.507503  0.493775   
30003   81329.691403         0.0  35.0  0.496712  0.478290  0.501487   
30004   80342.293364         0.0  59.0  0.498439  0.493637  0.510095   

              hvalue  hyears           loan  
30000  835277.540425    13.0  458161.406454  
30001  791767.795022    29.0  270908.133526  
30002  641084.722505    22.0  497250.001976  
30003  131564.964613     7.0  299779.122063  
30004  660016.452623    21.0    4513.838055  
[-93.65124482527608, 113.46721674053697, 975.384756881278, 1942.774696330016, 1760.5325582043151, 1523.6464687872794, -914.125348728965]
[-438.8561328011184, -438.8561328011184, -438.8561328011184, -438.8561328011184, -438.8561328011184, -438.8561328011184, -438.8561328011184]
SCD (unidirectional)
None
None



scd_all took 535.5081479549408 seconds

 synthetic_data/gradual_drift/agraw1_1_gradual_drift_0_noise_balanced_5.arff encoder: target
SCD_unidir: [7] (0.0, 1.0)


          0    1         2         3         4         5         6         7  \
0  0.569645  0.0  0.616667  0.000000  0.612047  0.440529  0.604099  0.413793   
1  0.822848  0.0  0.216667  0.000000  0.438739  1.000000  0.570628  0.965517   
2  0.492955  0.0  0.416667  1.000000  0.612047  0.067598  0.454710  0.724138   
3  0.471773  0.0  0.250000  0.149911  0.018228  0.508225  0.062746  0.206897   
4  0.464178  0.0  0.650000  0.272958  0.330182  1.000000  0.469274  0.689655   

          8  
0  0.916336  
1  0.541814  
2  0.994516  
3  0.599558  
4  0.009004  
[14.074808291989939, 233.0116693574364, 1216.0729437035966, 1989.5829991589353, 1948.993148960497, 1566.2089358383655, -775.4785283436559]
[-446.9491465028001, -446.9491465028001, -446.9491465028001, -446.9491465028001, -446.9491465028001, -446.9491465028001, -446.9491465028001]
SCD (unidirectional)
None
None



scd_all took 526.9306128025055 seconds

 synthetic_data/gradual_drift/agraw1_1_gradual_drift_0_noise_balanced_5.arff encoder: target
SCD_unidir: [7] (0.0, 1.0)



 synthetic_data/gradual_drift/agraw1_1_gradual_drift_0_noise_balanced_05.arff encoder: onehot
SCD_unidir: [] (0.0, 1.0)



 synthetic_data/gradual_drift/agraw1_1_gradual_drift_0_noise_balanced_05.arff encoder: onehot
SCD_unidir: [] (0.0, 1.0)


               0    1     2              3     4              5    6     7  \
0   94052.603413  0.0  57.0  835277.540425  13.0  458161.406454  4.0  16.0   
1  126968.139969  0.0  33.0  791767.795022  29.0  270908.133526  4.0  15.0   
2   84083.270627  0.0  45.0  641084.722505  22.0  497250.001976  1.0  16.0   
3   81329.691403  0.0  35.0  131564.964613   7.0  299779.122063  2.0   7.0   
4   80342.293364  0.0  59.0  660016.452623  21.0    4513.838055  3.0   1.0   

     8  
0  0.0  
1  3.0  
2  2.0  
3  7.0  
4  3.0  
[-63.86814901733305, 40.81437924236525, 1006.8894365284359, 2052.6748912646435, 2014.2227121427422, 1555.1847858050605, -1014.0904882563045]
[-408.434556947122, -408.434556947122, -408.434556947122, -408.434556947122, -408.434556947122, -408.434556947122, -408.434556947122]
SCD (unidirectional)
None
None



scd_all took 577.612377166748 seconds

 synthetic_data/gradual_drift/agraw1_1_gradual_drift_0_noise_balanced_05.arff encoder: ordinal
SCD_unidir: [7] (0.0, 1.0)


          0    1         2         3         4         5     6         7  \
0  0.569645  0.0  0.616667  0.604099  0.413793  0.916336  1.00  0.842105   
1  0.822848  0.0  0.216667  0.570628  0.965517  0.541814  1.00  0.789474   
2  0.492955  0.0  0.416667  0.454710  0.724138  0.994516  0.25  0.842105   
3  0.471773  0.0  0.250000  0.062746  0.206897  0.599558  0.50  0.368421   
4  0.464178  0.0  0.650000  0.469274  0.689655  0.009004  0.75  0.052632   

       8  
0  0.000  
1  0.375  
2  0.250  
3  0.875  
4  0.375  
[39.16423731557097, 128.4654744858242, 1100.6479865775364, 2067.9235217235873, 2052.2859049222807, 1618.2242773047697, -986.0292370899294]
[-410.7002119237563, -410.7002119237563, -410.7002119237563, -410.7002119237563, -410.7002119237563, -410.7002119237563, -410.7002119237563]
SCD (unidirectional)
None
None



scd_all took 582.2306351661682 seconds

 synthetic_data/gradual_drift/agraw1_1_gradual_drift_0_noise_balanced_05.arff encoder: ordinal
SCD_unidir: [7] (0.0, 1.0)


              salary  commission   age    elevel       car   zipcode  \
30000   94052.603413         0.0  57.0  0.494607  0.507503  0.500302   
30001  126968.139969         0.0  33.0  0.494607  0.498978  0.510095   
30002   84083.270627         0.0  45.0  0.508644  0.507503  0.493775   
30003   81329.691403         0.0  35.0  0.496712  0.478290  0.501487   
30004   80342.293364         0.0  59.0  0.498439  0.493637  0.510095   

              hvalue  hyears           loan  
30000  835277.540425    13.0  458161.406454  
30001  791767.795022    29.0  270908.133526  
30002  641084.722505    22.0  497250.001976  
30003  131564.964613     7.0  299779.122063  
30004  660016.452623    21.0    4513.838055  
[-12.694122247106861, 231.71265500970185, 1039.0365138940397, 2033.1498866543989, 1884.8735144708771, 1445.4047409209306, -820.3232819606783]
[-440.52481443481184, -440.52481443481184, -440.52481443481184, -440.52481443481184, -440.52481443481184, -440.52481443481184, -440.52481443481184]
SCD (unidirectional)
None
None



scd_all took 552.9653198719025 seconds

 synthetic_data/gradual_drift/agraw1_1_gradual_drift_0_noise_balanced_05.arff encoder: target
SCD_unidir: [7] (0.0, 1.0)


          0    1         2         3         4         5         6         7  \
0  0.569645  0.0  0.616667  0.000000  0.612047  0.440529  0.604099  0.413793   
1  0.822848  0.0  0.216667  0.000000  0.438739  1.000000  0.570628  0.965517   
2  0.492955  0.0  0.416667  1.000000  0.612047  0.067598  0.454710  0.724138   
3  0.471773  0.0  0.250000  0.149911  0.018228  0.508225  0.062746  0.206897   
4  0.464178  0.0  0.650000  0.272958  0.330182  1.000000  0.469274  0.689655   

          8  
0  0.916336  
1  0.541814  
2  0.994516  
3  0.599558  
4  0.009004  
[-122.97145868451389, -34.949965098291614, 1039.9613584652438, 1902.9657592820095, 1703.684450609509, 1423.7641777486683, -935.935102966554]
[-437.3656465962308, -437.3656465962308, -437.3656465962308, -437.3656465962308, -437.3656465962308, -437.3656465962308, -437.3656465962308]
SCD (unidirectional)
None
None



scd_all took 563.7438011169434 seconds

 synthetic_data/gradual_drift/agraw1_1_gradual_drift_0_noise_balanced_05.arff encoder: target
SCD_unidir: [7] (0.0, 1.0)



 synthetic_data/gradual_drift/agraw1_1_gradual_drift_0_noise_balanced_10.arff encoder: onehot
SCD_unidir: [] (0.0, 1.0)



 synthetic_data/gradual_drift/agraw1_1_gradual_drift_0_noise_balanced_10.arff encoder: onehot
SCD_unidir: [] (0.0, 1.0)


               0    1     2              3     4              5    6     7  \
0   94052.603413  0.0  57.0  835277.540425  13.0  458161.406454  4.0  16.0   
1  126968.139969  0.0  33.0  791767.795022  29.0  270908.133526  4.0  15.0   
2   84083.270627  0.0  45.0  641084.722505  22.0  497250.001976  1.0  16.0   
3   81329.691403  0.0  35.0  131564.964613   7.0  299779.122063  2.0   7.0   
4   80342.293364  0.0  59.0  660016.452623  21.0    4513.838055  3.0   1.0   

     8  
0  0.0  
1  3.0  
2  2.0  
3  7.0  
4  3.0  
[76.01306531915907, 236.9249283253448, 548.331869371701, 1927.4032409085194, 2017.1761020616395, 2263.743836578331, 232.18667445948813]
[-414.04865405714384, -414.04865405714384, -414.04865405714384, -414.04865405714384, -414.04865405714384, -414.04865405714384, -414.04865405714384]
SCD (unidirectional)
None
None



scd_all took 624.9363582134247 seconds

 synthetic_data/gradual_drift/agraw1_1_gradual_drift_0_noise_balanced_10.arff encoder: ordinal
SCD_unidir: [] (0.0, 1.0)


          0    1         2         3         4         5     6         7  \
0  0.569645  0.0  0.616667  0.604099  0.413793  0.916336  1.00  0.842105   
1  0.822848  0.0  0.216667  0.570628  0.965517  0.541814  1.00  0.789474   
2  0.492955  0.0  0.416667  0.454710  0.724138  0.994516  0.25  0.842105   
3  0.471773  0.0  0.250000  0.062746  0.206897  0.599558  0.50  0.368421   
4  0.464178  0.0  0.650000  0.469274  0.689655  0.009004  0.75  0.052632   

       8  
0  0.000  
1  0.375  
2  0.250  
3  0.875  
4  0.375  
[-19.248602627506216, 107.54022615232054, 501.0381830009177, 1853.2502075271263, 1903.7586557016134, 2099.643874561397, 121.40018785063853]
[-410.23125692330615, -410.23125692330615, -410.23125692330615, -410.23125692330615, -410.23125692330615, -410.23125692330615, -410.23125692330615]
SCD (unidirectional)
None
None



scd_all took 600.3981828689575 seconds

 synthetic_data/gradual_drift/agraw1_1_gradual_drift_0_noise_balanced_10.arff encoder: ordinal
SCD_unidir: [] (0.0, 1.0)


              salary  commission   age    elevel       car   zipcode  \
30000   94052.603413         0.0  57.0  0.494607  0.507503  0.500302   
30001  126968.139969         0.0  33.0  0.494607  0.498978  0.510095   
30002   84083.270627         0.0  45.0  0.508644  0.507503  0.493775   
30003   81329.691403         0.0  35.0  0.496712  0.478290  0.501487   
30004   80342.293364         0.0  59.0  0.498439  0.493637  0.510095   

              hvalue  hyears           loan  
30000  835277.540425    13.0  458161.406454  
30001  791767.795022    29.0  270908.133526  
30002  641084.722505    22.0  497250.001976  
30003  131564.964613     7.0  299779.122063  
30004  660016.452623    21.0    4513.838055  
[-79.40385549369967, 138.5875782162766, 489.5195678426535, 1743.7184277319466, 1703.9622944942093, 1969.9853587466641, 150.2058325089165]
[-440.35783218440713, -440.35783218440713, -440.35783218440713, -440.35783218440713, -440.35783218440713, -440.35783218440713, -440.35783218440713]
SCD (unidirectional)
None
None



scd_all took 546.9357709884644 seconds

 synthetic_data/gradual_drift/agraw1_1_gradual_drift_0_noise_balanced_10.arff encoder: target
SCD_unidir: [] (0.0, 1.0)


          0    1         2         3         4         5         6         7  \
0  0.569645  0.0  0.616667  0.000000  0.612047  0.440529  0.604099  0.413793   
1  0.822848  0.0  0.216667  0.000000  0.438739  1.000000  0.570628  0.965517   
2  0.492955  0.0  0.416667  1.000000  0.612047  0.067598  0.454710  0.724138   
3  0.471773  0.0  0.250000  0.149911  0.018228  0.508225  0.062746  0.206897   
4  0.464178  0.0  0.650000  0.272958  0.330182  1.000000  0.469274  0.689655   

          8  
0  0.916336  
1  0.541814  
2  0.994516  
3  0.599558  
4  0.009004  
[-39.154277171825015, 187.72990101380083, 476.1346479159565, 1785.2906160227517, 1786.9819262494707, 2056.6559137430613, 141.24026960561105]
[-444.1977332572617, -444.1977332572617, -444.1977332572617, -444.1977332572617, -444.1977332572617, -444.1977332572617, -444.1977332572617]
SCD (unidirectional)
None
None



scd_all took 565.5769448280334 seconds

 synthetic_data/gradual_drift/agraw1_1_gradual_drift_0_noise_balanced_10.arff encoder: target
SCD_unidir: [] (0.0, 1.0)



 synthetic_data/gradual_drift/agraw1_1_gradual_drift_0_noise_balanced_20.arff encoder: onehot
SCD_unidir: [] (0.0, 1.0)



 synthetic_data/gradual_drift/agraw1_1_gradual_drift_0_noise_balanced_20.arff encoder: onehot
SCD_unidir: [] (0.0, 1.0)


               0             1     2              3     4              5    6  \
0  131825.685683      0.000000  53.0  487669.207425  22.0   93353.454837  1.0   
1   75983.356105      0.000000  63.0  278631.029358  17.0  112306.779709  1.0   
2   76454.482461      0.000000  46.0  461463.211004  20.0    7109.861449  0.0   
3   69541.954288  62817.711871  66.0  777331.540724   3.0   76976.293733  2.0   
4   51175.507858  68554.669139  44.0  130098.229211   4.0  159247.257700  3.0   

      7    8  
0  12.0  5.0  
1  12.0  7.0  
2  11.0  5.0  
3  18.0  2.0  
4  13.0  7.0  
[90.67056712170597, 242.36457164795138, 450.7699923575856, 1199.5558620376978, 1770.9599077024031, 2119.1508635296486, 1607.538648553891]
[-410.3790393650228, -410.3790393650228, -410.3790393650228, -410.3790393650228, -410.3790393650228, -410.3790393650228, -410.3790393650228]
SCD (unidirectional)
None
None



scd_all took 549.2261590957642 seconds

 synthetic_data/gradual_drift/agraw1_1_gradual_drift_0_noise_balanced_20.arff encoder: ordinal
SCD_unidir: [] (0.0, 1.0)


          0         1         2         3         4         5     6         7  \
0  0.860215  0.000000  0.550000  0.336690  0.724138  0.186690  0.25  0.631579   
1  0.430647  0.000000  0.716667  0.175881  0.551724  0.224598  0.25  0.631579   
2  0.434271  0.000000  0.433333  0.316530  0.655172  0.014196  0.00  0.578947   
3  0.381096  0.837724  0.766667  0.559522  0.068966  0.153935  0.50  0.947368   
4  0.239812  0.914231  0.400000  0.061618  0.103448  0.318483  0.75  0.684211   

       8  
0  0.625  
1  0.875  
2  0.625  
3  0.250  
4  0.875  
[-134.203317563621, 47.80378686713948, 262.03293531135444, 1053.7568812889172, 1509.3995289124218, 1926.1808885608143, 1537.8167192115366]
[-404.352574563153, -404.352574563153, -404.352574563153, -404.352574563153, -404.352574563153, -404.352574563153, -404.352574563153]
SCD (unidirectional)
None
None



scd_all took 550.4838819503784 seconds

 synthetic_data/gradual_drift/agraw1_1_gradual_drift_0_noise_balanced_20.arff encoder: ordinal
SCD_unidir: [] (0.0, 1.0)


              salary    commission   age    elevel       car   zipcode  \
30000  131825.685683      0.000000  53.0  0.508647  0.514885  0.492284   
30001   75983.356105      0.000000  63.0  0.508647  0.514885  0.501488   
30002   76454.482461      0.000000  46.0  0.501667  0.484239  0.492284   
30003   69541.954288  62817.711871  66.0  0.496959  0.515290  0.493775   
30004   51175.507858  68554.669139  44.0  0.498357  0.496058  0.501488   

              hvalue  hyears           loan  
30000  487669.207425    22.0   93353.454837  
30001  278631.029358    17.0  112306.779709  
30002  461463.211004    20.0    7109.861449  
30003  777331.540724     3.0   76976.293733  
30004  130098.229211     4.0  159247.257700  
[139.58736585977022, 381.64315684488975, 608.4716412957059, 1108.990829177841, 1822.8758174606482, 2077.2980282596545, 1610.5050307327765]
[-448.18474360608417, -448.18474360608417, -448.18474360608417, -448.18474360608417, -448.18474360608417, -448.18474360608417, -448.18474360608417]
SCD (unidirectional)
None
None



scd_all took 506.5507462024689 seconds

 synthetic_data/gradual_drift/agraw1_1_gradual_drift_0_noise_balanced_20.arff encoder: target
SCD_unidir: [] (0.0, 1.0)


          0         1         2         3         4         5         6  \
0  0.860215  0.000000  0.550000  1.000000  0.763618  0.000000  0.336690   
1  0.430647  0.000000  0.716667  1.000000  0.763618  0.516753  0.175881   
2  0.434271  0.000000  0.433333  0.505786  0.144658  0.000000  0.316530   
3  0.381096  0.837724  0.766667  0.172395  0.771788  0.083672  0.559522   
4  0.239812  0.914231  0.400000  0.271393  0.383366  0.516753  0.061618   

          7         8  
0  0.724138  0.186690  
1  0.551724  0.224598  
2  0.655172  0.014196  
3  0.068966  0.153935  
4  0.103448  0.318483  
[-182.54411598496654, 108.03957137957286, 210.97254859363466, 837.2470615298757, 1409.9438534364522, 1684.887322741964, 1347.3817419018474]
[-428.3386736579012, -428.3386736579012, -428.3386736579012, -428.3386736579012, -428.3386736579012, -428.3386736579012, -428.3386736579012]
SCD (unidirectional)
None
None



scd_all took 506.5423541069031 seconds

 synthetic_data/gradual_drift/agraw1_1_gradual_drift_0_noise_balanced_20.arff encoder: target
SCD_unidir: [] (0.0, 1.0)



 synthetic_data/abrupt_drift/agraw2_1_abrupt_drift_0_noise_balanced.arff encoder: onehot
SCD_unidir: [] (0.0, 1.0)



 synthetic_data/abrupt_drift/agraw2_1_abrupt_drift_0_noise_balanced.arff encoder: onehot
SCD_unidir: [] (0.0, 1.0)


               0             1     2             3     4              5    6  \
0  144588.453529      0.000000  79.0  4.100626e+05  16.0  400132.283591  1.0   
1   56748.352220  31171.761189  41.0  1.273575e+06   3.0  403746.655928  3.0   
2   27123.959751  51775.214302  71.0  1.028054e+05  23.0  206885.922804  3.0   
3   37303.515384  21813.979063  64.0  7.081252e+05   3.0  111147.241806  0.0   
4  133910.066492      0.000000  65.0  9.977059e+04   8.0  374648.073956  1.0   

      7    8  
0  10.0  5.0  
1  15.0  0.0  
2  18.0  7.0  
3   5.0  4.0  
4   0.0  8.0  
[170.27319555275608, -92.48236548772547, 2040.8430610185023, 3580.3146100200247, 3674.525014994084, 1132.8445673340466, 332.0499761108076]
[-392.8295165599074, -392.8295165599074, -392.8295165599074, -392.8295165599074, -392.8295165599074, -392.8295165599074, -392.8295165599074]
SCD (unidirectional)
None
None



scd_all took 545.784814119339 seconds

 synthetic_data/abrupt_drift/agraw2_1_abrupt_drift_0_noise_balanced.arff encoder: ordinal
SCD_unidir: [] (0.0, 1.0)


          0         1         2         3         4         5     6         7  \
0  0.958441  0.000000  0.983333  0.276994  0.517241  0.800266  0.25  0.526316   
1  0.282688  0.415650  0.350000  0.941290  0.068966  0.807495  0.75  0.789474   
2  0.054788  0.690380  0.850000  0.040622  0.758621  0.413770  0.75  0.947368   
3  0.133100  0.290871  0.733333  0.506292  0.068966  0.222291  0.00  0.263158   
4  0.876292  0.000000  0.750000  0.038288  0.241379  0.749297  0.25  0.000000   

       8  
0  0.625  
1  0.000  
2  0.875  
3  0.500  
4  1.000  
[33.8641189219737, -286.25003377216257, 1852.047262527895, 3349.2970660190085, 3514.4260436408395, 1013.1213659725095, 171.04815877280018]
[-388.98086823351025, -388.98086823351025, -388.98086823351025, -388.98086823351025, -388.98086823351025, -388.98086823351025, -388.98086823351025]
SCD (unidirectional)
None
None



scd_all took 546.3238189220428 seconds

 synthetic_data/abrupt_drift/agraw2_1_abrupt_drift_0_noise_balanced.arff encoder: ordinal
SCD_unidir: [] (0.0, 1.0)


              salary    commission   age    elevel       car   zipcode  \
30000  144588.453529      0.000000  79.0  0.499583  0.485255  0.497928   
30001   56748.352220  31171.761189  41.0  0.496434  0.509211  0.506815   
30002   27123.959751  51775.214302  71.0  0.496434  0.492157  0.500448   
30003   37303.515384  21813.979063  64.0  0.499752  0.521307  0.508792   
30004  133910.066492      0.000000  65.0  0.499583  0.482900  0.494103   

             hvalue  hyears           loan  
30000  4.100626e+05    16.0  400132.283591  
30001  1.273575e+06     3.0  403746.655928  
30002  1.028054e+05    23.0  206885.922804  
30003  7.081252e+05     3.0  111147.241806  
30004  9.977059e+04     8.0  374648.073956  
[-167.3927970554214, -122.48687265848275, 1678.2840999300824, 3093.200247829838, 3129.7283958629705, 928.9442881522118, 187.5075522220577]
[-504.4544701110551, -504.4544701110551, -504.4544701110551, -504.4544701110551, -504.4544701110551, -504.4544701110551, -504.4544701110551]
SCD (unidirectional)
None
None



scd_all took 507.25313210487366 seconds

 synthetic_data/abrupt_drift/agraw2_1_abrupt_drift_0_noise_balanced.arff encoder: target
SCD_unidir: [] (0.0, 1.0)


          0         1         2         3         4         5         6  \
0  0.958441  0.000000  0.983333  0.417238  0.094197  0.525435  0.276994   
1  0.282688  0.415650  0.350000  0.000000  0.696083  0.814049  0.941290   
2  0.054788  0.690380  0.850000  0.000000  0.267613  0.607265  0.040622   
3  0.133100  0.290871  0.733333  0.439686  1.000000  0.878254  0.506292   
4  0.876292  0.000000  0.750000  0.417238  0.035040  0.401244  0.038288   

          7         8  
0  0.517241  0.800266  
1  0.068966  0.807495  
2  0.758621  0.413770  
3  0.068966  0.222291  
4  0.241379  0.749297  
[-283.27231809338616, -389.79401270120957, 1453.7177078450945, 2900.9233910776197, 3027.305992264985, 795.4868517580966, 6.9799570934579265]
[-493.8012935625298, -493.8012935625298, -493.8012935625298, -493.8012935625298, -493.8012935625298, -493.8012935625298, -493.8012935625298]
SCD (unidirectional)
None
None



scd_all took 509.18318271636963 seconds

 synthetic_data/abrupt_drift/agraw2_1_abrupt_drift_0_noise_balanced.arff encoder: target
SCD_unidir: [] (0.0, 1.0)



 synthetic_data/gradual_drift/agraw2_1_gradual_drift_0_noise_balanced_1.arff encoder: onehot
SCD_unidir: [] (0.0, 1.0)



 synthetic_data/gradual_drift/agraw2_1_gradual_drift_0_noise_balanced_1.arff encoder: onehot
SCD_unidir: [] (0.0, 1.0)


               0             1     2             3     4              5    6  \
0  144588.453529      0.000000  79.0  4.100626e+05  16.0  400132.283591  1.0   
1   56748.352220  31171.761189  41.0  1.273575e+06   3.0  403746.655928  3.0   
2   27123.959751  51775.214302  71.0  1.028054e+05  23.0  206885.922804  3.0   
3   37303.515384  21813.979063  64.0  7.081252e+05   3.0  111147.241806  0.0   
4  133910.066492      0.000000  65.0  9.977059e+04   8.0  374648.073956  1.0   

      7    8  
0  10.0  5.0  
1  15.0  0.0  
2  18.0  7.0  
3   5.0  4.0  
4   0.0  8.0  
[84.75694193644449, -177.86899493599776, 1892.1643605212448, 3450.081731981598, 3528.2905145587865, 1086.468204124947, 240.30533227173146]
[-393.50837694419664, -393.50837694419664, -393.50837694419664, -393.50837694419664, -393.50837694419664, -393.50837694419664, -393.50837694419664]
SCD (unidirectional)
None
None



scd_all took 545.2880420684814 seconds

 synthetic_data/gradual_drift/agraw2_1_gradual_drift_0_noise_balanced_1.arff encoder: ordinal
SCD_unidir: [] (0.0, 1.0)


          0         1         2         3         4         5     6         7  \
0  0.958441  0.000000  0.983333  0.276994  0.517241  0.800266  0.25  0.526316   
1  0.282688  0.415650  0.350000  0.941290  0.068966  0.807495  0.75  0.789474   
2  0.054788  0.690380  0.850000  0.040622  0.758621  0.413770  0.75  0.947368   
3  0.133100  0.290871  0.733333  0.506292  0.068966  0.222291  0.00  0.263158   
4  0.876292  0.000000  0.750000  0.038288  0.241379  0.749297  0.25  0.000000   

       8  
0  0.625  
1  0.000  
2  0.875  
3  0.500  
4  1.000  
[44.302005206253384, -132.07184728580762, 1959.4760151593316, 3471.400642162088, 3466.4563992243416, 1030.9150381553268, 221.65953280770876]
[-393.07785719649155, -393.07785719649155, -393.07785719649155, -393.07785719649155, -393.07785719649155, -393.07785719649155, -393.07785719649155]
SCD (unidirectional)
None
None



scd_all took 546.9678859710693 seconds

 synthetic_data/gradual_drift/agraw2_1_gradual_drift_0_noise_balanced_1.arff encoder: ordinal
SCD_unidir: [] (0.0, 1.0)


              salary    commission   age    elevel       car   zipcode  \
30000  144588.453529      0.000000  79.0  0.499583  0.485255  0.497928   
30001   56748.352220  31171.761189  41.0  0.496434  0.509211  0.506815   
30002   27123.959751  51775.214302  71.0  0.496434  0.492157  0.500448   
30003   37303.515384  21813.979063  64.0  0.499752  0.521307  0.508792   
30004  133910.066492      0.000000  65.0  0.499583  0.482900  0.494103   

             hvalue  hyears           loan  
30000  4.100626e+05    16.0  400132.283591  
30001  1.273575e+06     3.0  403746.655928  
30002  1.028054e+05    23.0  206885.922804  
30003  7.081252e+05     3.0  111147.241806  
30004  9.977059e+04     8.0  374648.073956  
[-70.73390060506063, -229.84363861766178, 1661.1941691988613, 2933.9980580572155, 3151.922991351108, 861.6409522914328, 106.72866522398544]
[-505.56597955066036, -505.56597955066036, -505.56597955066036, -505.56597955066036, -505.56597955066036, -505.56597955066036, -505.56597955066036]
SCD (unidirectional)
None
None



scd_all took 507.75631380081177 seconds

 synthetic_data/gradual_drift/agraw2_1_gradual_drift_0_noise_balanced_1.arff encoder: target
SCD_unidir: [] (0.0, 1.0)


          0         1         2         3         4         5         6  \
0  0.958441  0.000000  0.983333  0.417238  0.094197  0.525435  0.276994   
1  0.282688  0.415650  0.350000  0.000000  0.696083  0.814049  0.941290   
2  0.054788  0.690380  0.850000  0.000000  0.267613  0.607265  0.040622   
3  0.133100  0.290871  0.733333  0.439686  1.000000  0.878254  0.506292   
4  0.876292  0.000000  0.750000  0.417238  0.035040  0.401244  0.038288   

          7         8  
0  0.517241  0.800266  
1  0.068966  0.807495  
2  0.758621  0.413770  
3  0.068966  0.222291  
4  0.241379  0.749297  
[-222.6318410235811, -230.5129208231036, 1482.0759347954772, 2941.7263963552195, 3054.527273106406, 779.4873011581458, -23.585513736265852]
[-498.66398117640136, -498.66398117640136, -498.66398117640136, -498.66398117640136, -498.66398117640136, -498.66398117640136, -498.66398117640136]
SCD (unidirectional)
None
None



scd_all took 507.4519820213318 seconds

 synthetic_data/gradual_drift/agraw2_1_gradual_drift_0_noise_balanced_1.arff encoder: target
SCD_unidir: [] (0.0, 1.0)



 synthetic_data/gradual_drift/agraw2_1_gradual_drift_0_noise_balanced_5.arff encoder: onehot
SCD_unidir: [] (0.0, 1.0)



 synthetic_data/gradual_drift/agraw2_1_gradual_drift_0_noise_balanced_5.arff encoder: onehot
SCD_unidir: [] (0.0, 1.0)


               0             1     2             3     4              5    6  \
0  144588.453529      0.000000  79.0  4.100626e+05  16.0  400132.283591  1.0   
1   56748.352220  31171.761189  41.0  1.273575e+06   3.0  403746.655928  3.0   
2   27123.959751  51775.214302  71.0  1.028054e+05  23.0  206885.922804  3.0   
3   37303.515384  21813.979063  64.0  7.081252e+05   3.0  111147.241806  0.0   
4  133910.066492      0.000000  65.0  9.977059e+04   8.0  374648.073956  1.0   

      7    8  
0  10.0  5.0  
1  15.0  0.0  
2  18.0  7.0  
3   5.0  4.0  
4   0.0  8.0  
[-23.481543040601537, -317.58118090836797, 1896.589855536935, 3340.443813901278, 3371.6944296995644, 1012.1212377925403, 126.24430473451503]
[-391.7846104370427, -391.7846104370427, -391.7846104370427, -391.7846104370427, -391.7846104370427, -391.7846104370427, -391.7846104370427]
SCD (unidirectional)
None
None



scd_all took 546.1333899497986 seconds

 synthetic_data/gradual_drift/agraw2_1_gradual_drift_0_noise_balanced_5.arff encoder: ordinal
SCD_unidir: [] (0.0, 1.0)


          0         1         2         3         4         5     6         7  \
0  0.958441  0.000000  0.983333  0.276994  0.517241  0.800266  0.25  0.526316   
1  0.282688  0.415650  0.350000  0.941290  0.068966  0.807495  0.75  0.789474   
2  0.054788  0.690380  0.850000  0.040622  0.758621  0.413770  0.75  0.947368   
3  0.133100  0.290871  0.733333  0.506292  0.068966  0.222291  0.00  0.263158   
4  0.876292  0.000000  0.750000  0.038288  0.241379  0.749297  0.25  0.000000   

       8  
0  0.625  
1  0.000  
2  0.875  
3  0.500  
4  1.000  
[11.559081823392606, -157.19706489391803, 1914.235553662183, 3366.974596484575, 3500.6528132739654, 1008.7059382051402, 236.8822017112094]
[-386.8561284049232, -386.8561284049232, -386.8561284049232, -386.8561284049232, -386.8561284049232, -386.8561284049232, -386.8561284049232]
SCD (unidirectional)
None
None



scd_all took 546.8182821273804 seconds

 synthetic_data/gradual_drift/agraw2_1_gradual_drift_0_noise_balanced_5.arff encoder: ordinal
SCD_unidir: [] (0.0, 1.0)


              salary    commission   age    elevel       car   zipcode  \
30000  144588.453529      0.000000  79.0  0.499583  0.485255  0.497928   
30001   56748.352220  31171.761189  41.0  0.496434  0.509211  0.506815   
30002   27123.959751  51775.214302  71.0  0.496434  0.492157  0.500448   
30003   37303.515384  21813.979063  64.0  0.499752  0.521307  0.508792   
30004  133910.066492      0.000000  65.0  0.499583  0.482900  0.494103   

             hvalue  hyears           loan  
30000  4.100626e+05    16.0  400132.283591  
30001  1.273575e+06     3.0  403746.655928  
30002  1.028054e+05    23.0  206885.922804  
30003  7.081252e+05     3.0  111147.241806  
30004  9.977059e+04     8.0  374648.073956  
[-173.34539534541545, -311.9354231492034, 1580.643023242068, 2988.3847610999364, 3104.3408377143205, 862.7967828588444, 98.19907210540259]
[-501.7496050669838, -501.7496050669838, -501.7496050669838, -501.7496050669838, -501.7496050669838, -501.7496050669838, -501.7496050669838]
SCD (unidirectional)
None
None



scd_all took 509.1381220817566 seconds

 synthetic_data/gradual_drift/agraw2_1_gradual_drift_0_noise_balanced_5.arff encoder: target
SCD_unidir: [] (0.0, 1.0)


          0         1         2         3         4         5         6  \
0  0.958441  0.000000  0.983333  0.417238  0.094197  0.525435  0.276994   
1  0.282688  0.415650  0.350000  0.000000  0.696083  0.814049  0.941290   
2  0.054788  0.690380  0.850000  0.000000  0.267613  0.607265  0.040622   
3  0.133100  0.290871  0.733333  0.439686  1.000000  0.878254  0.506292   
4  0.876292  0.000000  0.750000  0.417238  0.035040  0.401244  0.038288   

          7         8  
0  0.517241  0.800266  
1  0.068966  0.807495  
2  0.758621  0.413770  
3  0.068966  0.222291  
4  0.241379  0.749297  
[-82.7981189870595, -176.9059252768473, 1588.8013948198168, 2968.956970631538, 3008.2045706571653, 946.8647053747319, 169.48067794999622]
[-501.8697447673508, -501.8697447673508, -501.8697447673508, -501.8697447673508, -501.8697447673508, -501.8697447673508, -501.8697447673508]
SCD (unidirectional)
None
None



scd_all took 507.47378373146057 seconds

 synthetic_data/gradual_drift/agraw2_1_gradual_drift_0_noise_balanced_5.arff encoder: target
SCD_unidir: [] (0.0, 1.0)



 synthetic_data/gradual_drift/agraw2_1_gradual_drift_0_noise_balanced_05.arff encoder: onehot
SCD_unidir: [] (0.0, 1.0)



 synthetic_data/gradual_drift/agraw2_1_gradual_drift_0_noise_balanced_05.arff encoder: onehot
SCD_unidir: [] (0.0, 1.0)


               0             1     2             3     4              5    6  \
0  144588.453529      0.000000  79.0  4.100626e+05  16.0  400132.283591  1.0   
1   56748.352220  31171.761189  41.0  1.273575e+06   3.0  403746.655928  3.0   
2   27123.959751  51775.214302  71.0  1.028054e+05  23.0  206885.922804  3.0   
3   37303.515384  21813.979063  64.0  7.081252e+05   3.0  111147.241806  0.0   
4  133910.066492      0.000000  65.0  9.977059e+04   8.0  374648.073956  1.0   

      7    8  
0  10.0  5.0  
1  15.0  0.0  
2  18.0  7.0  
3   5.0  4.0  
4   0.0  8.0  
[106.59519096952863, -157.2643566688057, 1872.7589402208105, 3436.2379419084173, 3552.8123904922977, 1102.5101713407785, 259.3254683279665]
[-390.203197221537, -390.203197221537, -390.203197221537, -390.203197221537, -390.203197221537, -390.203197221537, -390.203197221537]
SCD (unidirectional)
None
None



scd_all took 545.3235330581665 seconds

 synthetic_data/gradual_drift/agraw2_1_gradual_drift_0_noise_balanced_05.arff encoder: ordinal
SCD_unidir: [] (0.0, 1.0)


          0         1         2         3         4         5     6         7  \
0  0.958441  0.000000  0.983333  0.276994  0.517241  0.800266  0.25  0.526316   
1  0.282688  0.415650  0.350000  0.941290  0.068966  0.807495  0.75  0.789474   
2  0.054788  0.690380  0.850000  0.040622  0.758621  0.413770  0.75  0.947368   
3  0.133100  0.290871  0.733333  0.506292  0.068966  0.222291  0.00  0.263158   
4  0.876292  0.000000  0.750000  0.038288  0.241379  0.749297  0.25  0.000000   

       8  
0  0.625  
1  0.000  
2  0.875  
3  0.500  
4  1.000  
[13.948212539609607, -307.2221862154605, 1858.1454000572708, 3353.0679303026886, 3550.268833883244, 919.819311941678, 206.52627533638875]
[-386.68639970964813, -386.68639970964813, -386.68639970964813, -386.68639970964813, -386.68639970964813, -386.68639970964813, -386.68639970964813]
SCD (unidirectional)
None
None



scd_all took 543.8395800590515 seconds

 synthetic_data/gradual_drift/agraw2_1_gradual_drift_0_noise_balanced_05.arff encoder: ordinal
SCD_unidir: [] (0.0, 1.0)


              salary    commission   age    elevel       car   zipcode  \
30000  144588.453529      0.000000  79.0  0.499583  0.485255  0.497928   
30001   56748.352220  31171.761189  41.0  0.496434  0.509211  0.506815   
30002   27123.959751  51775.214302  71.0  0.496434  0.492157  0.500448   
30003   37303.515384  21813.979063  64.0  0.499752  0.521307  0.508792   
30004  133910.066492      0.000000  65.0  0.499583  0.482900  0.494103   

             hvalue  hyears           loan  
30000  4.100626e+05    16.0  400132.283591  
30001  1.273575e+06     3.0  403746.655928  
30002  1.028054e+05    23.0  206885.922804  
30003  7.081252e+05     3.0  111147.241806  
30004  9.977059e+04     8.0  374648.073956  
[-60.74167880346067, -100.12923460168531, 1723.074312043027, 3127.672018402547, 3081.577269343834, 999.3327061115415, 274.19327540055383]
[-504.9982696715397, -504.9982696715397, -504.9982696715397, -504.9982696715397, -504.9982696715397, -504.9982696715397, -504.9982696715397]
SCD (unidirectional)
None
None



scd_all took 509.1818759441376 seconds

 synthetic_data/gradual_drift/agraw2_1_gradual_drift_0_noise_balanced_05.arff encoder: target
SCD_unidir: [] (0.0, 1.0)


          0         1         2         3         4         5         6  \
0  0.958441  0.000000  0.983333  0.417238  0.094197  0.525435  0.276994   
1  0.282688  0.415650  0.350000  0.000000  0.696083  0.814049  0.941290   
2  0.054788  0.690380  0.850000  0.000000  0.267613  0.607265  0.040622   
3  0.133100  0.290871  0.733333  0.439686  1.000000  0.878254  0.506292   
4  0.876292  0.000000  0.750000  0.417238  0.035040  0.401244  0.038288   

          7         8  
0  0.517241  0.800266  
1  0.068966  0.807495  
2  0.758621  0.413770  
3  0.068966  0.222291  
4  0.241379  0.749297  
[-303.7517513940403, -343.2675735326185, 1571.1692099301886, 2881.7275705275133, 3042.5704769538834, 779.4887735394069, -3.213086147736135]
[-493.6580250859163, -493.6580250859163, -493.6580250859163, -493.6580250859163, -493.6580250859163, -493.6580250859163, -493.6580250859163]
SCD (unidirectional)
None
None



scd_all took 510.1222310066223 seconds

 synthetic_data/gradual_drift/agraw2_1_gradual_drift_0_noise_balanced_05.arff encoder: target
SCD_unidir: [] (0.0, 1.0)



 synthetic_data/gradual_drift/agraw2_1_gradual_drift_0_noise_balanced_10.arff encoder: onehot
SCD_unidir: [] (0.0, 1.0)



 synthetic_data/gradual_drift/agraw2_1_gradual_drift_0_noise_balanced_10.arff encoder: onehot
SCD_unidir: [] (0.0, 1.0)


               0             1     2             3     4              5    6  \
0  144588.453529      0.000000  79.0  4.100626e+05  16.0  400132.283591  1.0   
1   56748.352220  31171.761189  41.0  1.273575e+06   3.0  403746.655928  3.0   
2   27123.959751  51775.214302  71.0  1.028054e+05  23.0  206885.922804  3.0   
3   37303.515384  21813.979063  64.0  7.081252e+05   3.0  111147.241806  0.0   
4  133910.066492      0.000000  65.0  9.977059e+04   8.0  374648.073956  1.0   

      7    8  
0  10.0  5.0  
1  15.0  0.0  
2  18.0  7.0  
3   5.0  4.0  
4   0.0  8.0  
[116.10936599946581, -110.50824229163118, 770.2421055077575, 2958.8111718375003, 3467.7967273530085, 2810.4188049481018, 313.91429954674095]
[-395.4672250204714, -395.4672250204714, -395.4672250204714, -395.4672250204714, -395.4672250204714, -395.4672250204714, -395.4672250204714]
SCD (unidirectional)
None
None



scd_all took 545.5545971393585 seconds

 synthetic_data/gradual_drift/agraw2_1_gradual_drift_0_noise_balanced_10.arff encoder: ordinal
SCD_unidir: [] (0.0, 1.0)


          0         1         2         3         4         5     6         7  \
0  0.958441  0.000000  0.983333  0.276994  0.517241  0.800266  0.25  0.526316   
1  0.282688  0.415650  0.350000  0.941290  0.068966  0.807495  0.75  0.789474   
2  0.054788  0.690380  0.850000  0.040622  0.758621  0.413770  0.75  0.947368   
3  0.133100  0.290871  0.733333  0.506292  0.068966  0.222291  0.00  0.263158   
4  0.876292  0.000000  0.750000  0.038288  0.241379  0.749297  0.25  0.000000   

       8  
0  0.625  
1  0.000  
2  0.875  
3  0.500  
4  1.000  
[5.120838552891204, -201.680162470519, 646.221658404564, 2935.0897924926144, 3419.3292729127957, 2529.5831508874776, 238.11642923679486]
[-387.03156693651323, -387.03156693651323, -387.03156693651323, -387.03156693651323, -387.03156693651323, -387.03156693651323, -387.03156693651323]
SCD (unidirectional)
None
None



scd_all took 555.2182846069336 seconds

 synthetic_data/gradual_drift/agraw2_1_gradual_drift_0_noise_balanced_10.arff encoder: ordinal
SCD_unidir: [] (0.0, 1.0)


              salary    commission   age    elevel       car   zipcode  \
30000  144588.453529      0.000000  79.0  0.499583  0.485255  0.497928   
30001   56748.352220  31171.761189  41.0  0.496434  0.509211  0.506815   
30002   27123.959751  51775.214302  71.0  0.496434  0.492157  0.500448   
30003   37303.515384  21813.979063  64.0  0.499752  0.521307  0.508792   
30004  133910.066492      0.000000  65.0  0.499583  0.482900  0.494103   

             hvalue  hyears           loan  
30000  4.100626e+05    16.0  400132.283591  
30001  1.273575e+06     3.0  403746.655928  
30002  1.028054e+05    23.0  206885.922804  
30003  7.081252e+05     3.0  111147.241806  
30004  9.977059e+04     8.0  374648.073956  
[-40.494376563699916, -93.24456246034242, 490.73503428464755, 2646.961274852918, 3152.277205713035, 2523.013663882797, 279.9577933445689]
[-507.0782710759015, -507.0782710759015, -507.0782710759015, -507.0782710759015, -507.0782710759015, -507.0782710759015, -507.0782710759015]
SCD (unidirectional)
None
None



scd_all took 677.3122408390045 seconds

 synthetic_data/gradual_drift/agraw2_1_gradual_drift_0_noise_balanced_10.arff encoder: target
SCD_unidir: [] (0.0, 1.0)


          0         1         2         3         4         5         6  \
0  0.958441  0.000000  0.983333  0.417238  0.094197  0.525435  0.276994   
1  0.282688  0.415650  0.350000  0.000000  0.696083  0.814049  0.941290   
2  0.054788  0.690380  0.850000  0.000000  0.267613  0.607265  0.040622   
3  0.133100  0.290871  0.733333  0.439686  1.000000  0.878254  0.506292   
4  0.876292  0.000000  0.750000  0.417238  0.035040  0.401244  0.038288   

          7         8  
0  0.517241  0.800266  
1  0.068966  0.807495  
2  0.758621  0.413770  
3  0.068966  0.222291  
4  0.241379  0.749297  
[-79.23568275229267, -153.54238332620494, 534.3773159751624, 2688.202430179398, 2941.5402909465183, 2425.464324128744, 221.17242410289367]
[-506.334372894239, -506.334372894239, -506.334372894239, -506.334372894239, -506.334372894239, -506.334372894239, -506.334372894239]
SCD (unidirectional)
None
None



scd_all took 629.2530248165131 seconds

 synthetic_data/gradual_drift/agraw2_1_gradual_drift_0_noise_balanced_10.arff encoder: target
SCD_unidir: [] (0.0, 1.0)



 synthetic_data/gradual_drift/agraw2_1_gradual_drift_0_noise_balanced_20.arff encoder: onehot
SCD_unidir: [] (0.0, 1.0)



 synthetic_data/gradual_drift/agraw2_1_gradual_drift_0_noise_balanced_20.arff encoder: onehot
SCD_unidir: [] (0.0, 1.0)


               0             1     2             3     4              5    6  \
0   76629.347471      0.000000  66.0  3.663365e+05  26.0  230892.513713  3.0   
1   28215.515865  10025.531702  70.0  8.874729e+05   1.0  127052.486236  0.0   
2   81592.684901      0.000000  67.0  8.451295e+05  13.0  439591.617613  0.0   
3   95843.578028      0.000000  34.0  1.300993e+06  30.0    6903.676716  0.0   
4  140096.534232      0.000000  47.0  9.267754e+05  12.0  270532.102441  4.0   

      7    8  
0  19.0  6.0  
1  15.0  3.0  
2   1.0  1.0  
3  19.0  0.0  
4   1.0  1.0  
[-72.7686230961699, -230.12927730043884, 408.75767006375827, 1551.6620201442856, 2835.859931685496, 3347.579721336486, 883.2244955551578]
[-384.94021880377926, -384.94021880377926, -384.94021880377926, -384.94021880377926, -384.94021880377926, -384.94021880377926, -384.94021880377926]
SCD (unidirectional)
None
None



scd_all took 678.7905929088593 seconds

 synthetic_data/gradual_drift/agraw2_1_gradual_drift_0_noise_balanced_20.arff encoder: ordinal
SCD_unidir: [] (0.0, 1.0)


          0         1         2         3         4         5     6         7  \
0  0.435632  0.000000  0.766667  0.243356  0.862069  0.461784  0.75  1.000000   
1  0.063186  0.133682  0.833333  0.644264  0.000000  0.254102  0.00  0.789474   
2  0.473815  0.000000  0.783333  0.611689  0.413793  0.879185  0.00  0.052632   
3  0.583447  0.000000  0.233333  0.962383  1.000000  0.013803  0.00  1.000000   
4  0.923884  0.000000  0.450000  0.674499  0.379310  0.541063  1.00  0.052632   

       8  
0  0.750  
1  0.375  
2  0.125  
3  0.000  
4  0.125  
[104.36855516916086, -73.34019082481433, 614.6731797388063, 1795.8824215588625, 3051.5138857819466, 3556.484822349647, 1111.0330325459875]
[-395.1396156674892, -395.1396156674892, -395.1396156674892, -395.1396156674892, -395.1396156674892, -395.1396156674892, -395.1396156674892]
SCD (unidirectional)
None
None



scd_all took 684.3877649307251 seconds

 synthetic_data/gradual_drift/agraw2_1_gradual_drift_0_noise_balanced_20.arff encoder: ordinal
SCD_unidir: [] (0.0, 1.0)


              salary    commission   age    elevel       car   zipcode  \
30000   76629.347471      0.000000  66.0  0.496516  0.506781  0.497747   
30001   28215.515865  10025.531702  70.0  0.499917  0.509546  0.481892   
30002   81592.684901      0.000000  67.0  0.499917  0.518947  0.499402   
30003   95843.578028      0.000000  34.0  0.499917  0.506781  0.506815   
30004  140096.534232      0.000000  47.0  0.503896  0.518947  0.499402   

             hvalue  hyears           loan  
30000  3.663365e+05    26.0  230892.513713  
30001  8.874729e+05     1.0  127052.486236  
30002  8.451295e+05    13.0  439591.617613  
30003  1.300993e+06    30.0    6903.676716  
30004  9.267754e+05    12.0  270532.102441  
[-108.62642485409742, -179.4377331827418, 405.9948019082076, 1518.950200602936, 2606.29442219669, 3145.0850694700493, 912.0653940945049]
[-504.8759004079288, -504.8759004079288, -504.8759004079288, -504.8759004079288, -504.8759004079288, -504.8759004079288, -504.8759004079288]
SCD (unidirectional)
None
None



scd_all took 632.510372877121 seconds

 synthetic_data/gradual_drift/agraw2_1_gradual_drift_0_noise_balanced_20.arff encoder: target
SCD_unidir: [] (0.0, 1.0)


          0         1         2         3         4         5         6  \
0  0.435632  0.000000  0.766667  0.000000  0.635038  0.519934  0.243356   
1  0.063186  0.133682  0.833333  0.460896  0.704506  0.000000  0.644264   
2  0.473815  0.000000  0.783333  0.460896  0.940702  0.574188  0.611689   
3  0.583447  0.000000  0.233333  0.460896  0.635038  0.817303  0.962383   
4  0.923884  0.000000  0.450000  1.000000  0.940702  0.574188  0.674499   

          7         8  
0  0.862069  0.461784  
1  0.000000  0.254102  
2  0.413793  0.879185  
3  1.000000  0.013803  
4  0.379310  0.541063  
[-200.7313240101845, -127.47030495717507, 337.2208275723034, 1513.5765315120957, 2597.5650759144264, 2934.834565568404, 835.2938102306913]
[-507.44287634918436, -507.44287634918436, -507.44287634918436, -507.44287634918436, -507.44287634918436, -507.44287634918436, -507.44287634918436]
SCD (unidirectional)
None
None



scd_all took 620.1930909156799 seconds

 synthetic_data/gradual_drift/agraw2_1_gradual_drift_0_noise_balanced_20.arff encoder: target
SCD_unidir: [] (0.0, 1.0)
