Elect2 all unscaled/scaled

           date  day    period  nswprice  nswdemand  transfer
15104  0.434052  1.0  0.680851  0.055032   0.520232  0.414912
15105  0.434052  1.0  0.702128  0.051039   0.499851  0.414912
15106  0.434052  1.0  0.723404  0.049538   0.475305  0.414912
15107  0.434052  1.0  0.744681  0.049538   0.457453  0.414912
15108  0.434052  1.0  0.765957  0.049538   0.447635  0.414912
[179.70452919194514, 179.78714898161851, 179.86917782329553, 179.71767874042976, 179.93246510199256, 0.4866869810265078, 1.4933169569443892, 1.7283410844314357, 1.7752772514013395, 1.5530708392377919, 178.02749345918724, 177.79229469904863, 178.19521409971605, 178.397078610379, 177.3011833417105, 178.50180667556242, 1.9444347230828833, 2.5286003321219703, 1.9348053197399904, 2.2610291699812604, 1.7656583401835788, 0.9701024465598398, 177.12816275382514, 177.7459668928908, 178.01846008091482, 178.2617314284226, 178.00632590004085, 178.25886450102306, 1.720701190533615, 1.9140408678250926, 1.8887692410752042, 2.182494393762555, 1.5793842637052498, 2.3092589841184603, 177.4919230715413, 178.06764432107772, 179.1132064070689, 177.94670226376894, 177.08985606366593, 179.02311314736434, 2.106442222667974, 3.188800406772547, 1.3846162786244782, 2.2407273218841333, 1.5029634811710675, 177.188716769755, 178.1965059668893, 177.43623972779625, 178.763341941157, 178.63061260873852, 177.4543612928738, 1.7519070217678634, 1.857955579040602, 1.5592831184633518, 1.9585888381714, 1.3568670826420957, 2.249615810946376, 177.87167743048127, 178.04904543313245, 178.23341473645073, 177.3168255551453, 177.51169121254708, 2.7234764614968245, 1.760456375701941, 2.043201917418792, 1.68943479556478, 2.0470944943971, 1.2389997796771122, 178.27329856128821, 178.01508385546916, 178.107861496197, 178.19224982946082, 178.4522846123388, 177.9910579267612, 176.9534986712147, 2.06183716012195, 1.7789300958565495, 1.7808577378790202, 1.6575124865805904, 1.7076105449682883, 177.52920718661753, 177.9403078301773, 0.8584563787716066]
[30, 30, 30, 30, 30, 30, 30, 30, 30, 30, 30, 30, 30, 30, 30, 30, 30, 30, 30, 30, 30, 30, 30, 30, 30, 30, 30, 30, 30, 30, 30, 30, 30, 30, 30, 30, 30, 30, 30, 30, 30, 30, 30, 30, 30, 30, 30, 30, 30, 30, 30, 30, 30, 30, 30, 30, 30, 30, 30, 30, 30, 30, 30, 30, 30, 30, 30, 30, 30, 30, 30, 30, 30, 30, 30, 30, 30, 30, 30, 30, 30, 30, 30]
SyncStream-PCA (fixed reference)
None
None

￼

syncstream_pca_all took 0.40105700492858887 seconds
           date  day    period  nswprice  nswdemand  transfer
15104  0.434052  1.0  0.680851  0.055032   0.520232  0.414912
15105  0.434052  1.0  0.702128  0.051039   0.499851  0.414912
15106  0.434052  1.0  0.723404  0.049538   0.475305  0.414912
15107  0.434052  1.0  0.744681  0.049538   0.457453  0.414912
15108  0.434052  1.0  0.765957  0.049538   0.447635  0.414912
[10.00279402605947, 1.620157738464406, 8.155675181362426, 15.324993326672955, 10.848811217566276, 8.452579228189881, 22.555104680447947, 21.77567863152532, 22.833128415045515, 17.013654398008146, 22.446092359181122, 16.812407580603324, 14.500490325236045, 15.350687377419057, 18.90189549661475, 24.94317674107296, 22.291991422865934, 13.478415691025601, 21.52514667605716, 14.289012178352527, 21.521265348799744, 21.723330600653494, 5.480090115593622, 1.8994400259907314, 5.211457403930268, 4.641519876814724, 6.278678544313479, 0.18905565014756348, 4.387142724547487, 6.344186857688029, 8.405167362964152, 17.02156071317894, 12.470432079946114, 9.764690967551605, 6.887828903375659, 7.130739116409738, 21.335910743066677, 6.0878716755789535, 6.005694779583051, 9.953499346567492, 17.51085584292186, 19.386581693775902, 20.59663904890816, 17.307907048871403, 22.278950428727576, 13.30814524303687, 14.542262120714131, 14.126708739313072, 17.51853278153484, 5.387882073219714, 2.49098140307629, 13.911720147401274, 13.608920827504706, 5.917171088560974, 8.32373691472462, 9.368091206579903, 15.380241937357564, 15.569762570872568, 6.960609020889963, 10.331246367335895, 16.550081704462297, 21.333834203500555, 28.198411905365393, 32.566774245766574, 28.48256975035385, 34.986124657289366, 44.911156610913814, 31.01399425832601, 28.660214253173294, 35.19585991852682, 18.748709427843874, 23.91498389492442, 18.928953552768117, 21.0699081915204, 11.131425055058216, 21.743079903527054, 14.535119292726298, 10.704469888277146, 20.7736623931374, 16.259328348638903, 10.545413575730569, 8.295627890013092, 10.852413240017745]
[2.5758293035489004, 2.5758293035489004, 2.5758293035489004, 2.5758293035489004, 2.5758293035489004, 2.5758293035489004, 2.5758293035489004, 2.5758293035489004, 2.5758293035489004, 2.5758293035489004, 2.5758293035489004, 2.5758293035489004, 2.5758293035489004, 2.5758293035489004, 2.5758293035489004, 2.5758293035489004, 2.5758293035489004, 2.5758293035489004, 2.5758293035489004, 2.5758293035489004, 2.5758293035489004, 2.5758293035489004, 2.5758293035489004, 2.5758293035489004, 2.5758293035489004, 2.5758293035489004, 2.5758293035489004, 2.5758293035489004, 2.5758293035489004, 2.5758293035489004, 2.5758293035489004, 2.5758293035489004, 2.5758293035489004, 2.5758293035489004, 2.5758293035489004, 2.5758293035489004, 2.5758293035489004, 2.5758293035489004, 2.5758293035489004, 2.5758293035489004, 2.5758293035489004, 2.5758293035489004, 2.5758293035489004, 2.5758293035489004, 2.5758293035489004, 2.5758293035489004, 2.5758293035489004, 2.5758293035489004, 2.5758293035489004, 2.5758293035489004, 2.5758293035489004, 2.5758293035489004, 2.5758293035489004, 2.5758293035489004, 2.5758293035489004, 2.5758293035489004, 2.5758293035489004, 2.5758293035489004, 2.5758293035489004, 2.5758293035489004, 2.5758293035489004, 2.5758293035489004, 2.5758293035489004, 2.5758293035489004, 2.5758293035489004, 2.5758293035489004, 2.5758293035489004, 2.5758293035489004, 2.5758293035489004, 2.5758293035489004, 2.5758293035489004, 2.5758293035489004, 2.5758293035489004, 2.5758293035489004, 2.5758293035489004, 2.5758293035489004, 2.5758293035489004, 2.5758293035489004, 2.5758293035489004, 2.5758293035489004, 2.5758293035489004, 2.5758293035489004, 2.5758293035489004]
SyncStream-Stat (fixed reference)
None
None

￼

syncstream_stat_all took 11.807708024978638 seconds
           date  day    period  nswprice  nswdemand  transfer
15104  0.434052  1.0  0.680851  0.055032   0.520232  0.414912
15105  0.434052  1.0  0.702128  0.051039   0.499851  0.414912
15106  0.434052  1.0  0.723404  0.049538   0.475305  0.414912
15107  0.434052  1.0  0.744681  0.049538   0.457453  0.414912
15108  0.434052  1.0  0.765957  0.049538   0.447635  0.414912
t 0 mean: 1.08197 std: 0.0 diff_std: inf time: 4.649657964706421
t 1 mean: 0.9689 std: 0.11307 diff_std: inf time: 9.210097074508667
t 2 mean: 1.00063 std: 0.10265 diff_std: 0.09218 time: 13.774789094924927
t 3 mean: 0.98262 std: 0.09421 diff_std: 0.08222 time: 18.1040518283844
t 4 mean: 1.01442 std: 0.10558 diff_std: 0.12066 time: 22.59781289100647
t 5 mean: 0.97417 std: 0.13187 diff_std: 0.24902 time: 26.97716498374939
t 6 mean: 1.00448 std: 0.14289 diff_std: 0.0836 time: 31.519670963287354
t 7 mean: 0.98477 std: 0.14348 diff_std: 0.0041 time: 36.15030217170715
t 8 mean: 0.98044 std: 0.13582 diff_std: 0.05333 time: 40.506994009017944
t 9 mean: 1.0005 std: 0.14221 diff_std: 0.04703 time: 45.06430983543396
t 10 mean: 1.02309 std: 0.15326 diff_std: 0.07771 time: 49.38426113128662
t 11 mean: 0.99236 std: 0.17866 diff_std: 0.1657 time: 53.88537001609802
t 12 mean: 0.98081 std: 0.17626 diff_std: 0.01344 time: 58.218685150146484
t 13 mean: 0.98494 std: 0.1705 diff_std: 0.03268 time: 62.8030219078064
t 14 mean: 0.96573 std: 0.17971 diff_std: 0.05402 time: 67.56682991981506
t 15 mean: 0.95469 std: 0.17918 diff_std: 0.00294 time: 71.9126648902893
t 16 mean: 0.94155 std: 0.1816 diff_std: 0.01351 time: 76.62307286262512
t 17 mean: 0.93693 std: 0.17751 diff_std: 0.02253 time: 81.14009404182434
t 18 mean: 0.94067 std: 0.1735 diff_std: 0.02259 time: 85.53493285179138
t 19 mean: 0.93232 std: 0.17297 diff_std: 0.00305 time: 90.01871299743652
t 20 mean: 0.92225 std: 0.17472 diff_std: 0.01009 time: 94.32016801834106
t 21 mean: 0.91353 std: 0.17531 diff_std: 0.00337 time: 98.85220098495483
t 22 mean: 0.92214 std: 0.17614 diff_std: 0.00475 time: 103.2531509399414
t 23 mean: 0.92391 std: 0.17264 diff_std: 0.01987 time: 107.61964893341064
t 24 mean: 0.93396 std: 0.17617 diff_std: 0.02046 time: 112.01963901519775
t 25 mean: 0.94298 std: 0.17854 diff_std: 0.01347 time: 116.50834202766418
t 26 mean: 0.93927 std: 0.17622 diff_std: 0.01299 time: 121.816654920578
t 27 mean: 0.93601 std: 0.17388 diff_std: 0.01332 time: 126.4439001083374
t 28 mean: 0.93366 std: 0.1713 diff_std: 0.0148 time: 131.50350403785706
t 29 mean: 0.93291 std: 0.16847 diff_std: 0.01652 time: 135.88471603393555
t 30 mean: 0.93385 std: 0.16581 diff_std: 0.01578 time: 140.59342002868652
t 31 mean: 0.94062 std: 0.1675 diff_std: 0.01016 time: 144.94475889205933
t 32 mean: 0.93914 std: 0.16516 diff_std: 0.01399 time: 149.5534369945526
t 33 mean: 0.9422 std: 0.16366 diff_std: 0.00908 time: 154.0771849155426
[-233.18672041030368, -303.4931471253076, -190.48671022522103, -139.89952707729572, -176.03993189411995, -261.7714949965921, -1.6669472626520484e+33, -8.009235897788344e+33, -8.757266162490651e+33, -1.153629510001576e+34, -1.6102861043258161e+34, -1.8082341774783634e+34, -1.0425863976465993e+34, -1.2909320455944085e+34, -2.1395825605997713e+34, -2.271022469069483e+34, -1.4968926222162648e+34, -1.0989305795687071e+34, -1.9827798923890078e+34, -1.6142734893982294e+34, -1.913875945492465e+34, -1.3991869407777434e+34, -1.4048161021186001e+34, -1.1682475928286598e+34, -8.422122692313852e+33, -4.680585993562845e+33, -6.638230562414972e+33, -8.648311054600203e+33, -1.1053438481279617e+34, -1.1005253551531788e+34, -1.1022038240764582e+34, -9.590645514365747e+33, -9.580667443073148e+33, -9.893002869246648e+33, -8.821713603974146e+33, -2.0678838294518022e+34, -2.7891868216686495e+34, -4.467743052973506e+34, -2.198974749073544e+34, -3.003054601044029e+34, -3.6117736556904996e+34, -4.17844296193795e+34, -4.1686776320535175e+34, -3.992724191678434e+34, -4.8524581652157925e+34, -4.381141362824286e+34, -3.9124007230755203e+34, -3.786718175631595e+34, -2.598155179290905e+34, -7.023507333609468e+33, -1.2038645001241237e+34, -4.44535551474168e+34, -2.2864829745819517e+34, -1.4037237144589145e+34, -1.3667408649392382e+34, -1.3818156713208013e+34, -1.753618378813921e+34, -2.147157452402684e+34, -1.3868260629104913e+34, -1.4649477964636506e+34, -1.315026325285794e+34, -1.1189275031032379e+34, -1.6854263994657857e+34, -2.0906144563485328e+34, -1.0383607317997774e+34, -1.8625368766091983e+34, -2.1697258247199116e+34, -1.9730774861645226e+34, -1.4670582339895923e+34, -1.4419923208804804e+34, -6.71964646599536e+33, -1.3985305623838763e+34, -1.0381495313520812e+34, -1.9576106080559292e+34, -9.845707360975931e+33, -9.982754654868312e+33, -7.218550343515281e+33, -7.719582028471604e+33, -1.8765334797969815e+34, -1.6767925993503207e+34, -1.1490802139036805e+34, -8.918337146785004e+33, -2.652650905420404e+33]
[-61.18436727387218, -61.18436727387218, -61.18436727387218, -61.18436727387218, -61.18436727387218, -61.18436727387218, -61.18436727387218, -61.18436727387218, -61.18436727387218, -61.18436727387218, -61.18436727387218, -61.18436727387218, -61.18436727387218, -61.18436727387218, -61.18436727387218, -61.18436727387218, -61.18436727387218, -61.18436727387218, -61.18436727387218, -61.18436727387218, -61.18436727387218, -61.18436727387218, -61.18436727387218, -61.18436727387218, -61.18436727387218, -61.18436727387218, -61.18436727387218, -61.18436727387218, -61.18436727387218, -61.18436727387218, -61.18436727387218, -61.18436727387218, -61.18436727387218, -61.18436727387218, -61.18436727387218, -61.18436727387218, -61.18436727387218, -61.18436727387218, -61.18436727387218, -61.18436727387218, -61.18436727387218, -61.18436727387218, -61.18436727387218, -61.18436727387218, -61.18436727387218, -61.18436727387218, -61.18436727387218, -61.18436727387218, -61.18436727387218, -61.18436727387218, -61.18436727387218, -61.18436727387218, -61.18436727387218, -61.18436727387218, -61.18436727387218, -61.18436727387218, -61.18436727387218, -61.18436727387218, -61.18436727387218, -61.18436727387218, -61.18436727387218, -61.18436727387218, -61.18436727387218, -61.18436727387218, -61.18436727387218, -61.18436727387218, -61.18436727387218, -61.18436727387218, -61.18436727387218, -61.18436727387218, -61.18436727387218, -61.18436727387218, -61.18436727387218, -61.18436727387218, -61.18436727387218, -61.18436727387218, -61.18436727387218, -61.18436727387218, -61.18436727387218, -61.18436727387218, -61.18436727387218, -61.18436727387218, -53.10274820321628]
SCD (unidirectional)
None
None

￼

scd_all took 460.44067096710205 seconds

 real_world_data/electricity_dataset.csv encoder: None
PCA_ref: [1, 2, 3, 4, 5, 11, 12, 13, 14, 15, 16, 23, 24, 25, 26, 27, 28, 35, 36, 37, 38, 39, 40, 46, 47, 48, 49, 50, 51, 58, 59, 60, 61, 62, 69, 70, 71, 72, 73, 74, 75, 81, 82] (0.5121951219512195, 1.0) Stat_ref: [1, 3, 4, 5, 6, 7, 8, 9, 10, 11, 12, 13, 14, 15, 16, 17, 18, 19, 20, 21, 22, 23, 25, 26, 27, 29, 30, 31, 32, 33, 34, 35, 36, 37, 38, 39, 40, 41, 42, 43, 44, 45, 46, 47, 48, 49, 50, 52, 53, 54, 55, 56, 57, 58, 59, 60, 61, 62, 63, 64, 65, 66, 67, 68, 69, 70, 71, 72, 73, 74, 75, 76, 77, 78, 79, 80, 81, 82, 83] (0.9512195121951219, 1.0) SCD_unidir: [1, 2, 3, 4, 5, 6, 7, 8, 9, 10, 11, 12, 13, 14, 15, 16, 17, 18, 19, 20, 21, 22, 23, 24, 25, 26, 27, 28, 29, 30, 31, 32, 33, 34, 35, 36, 37, 38, 39, 40, 41, 42, 43, 44, 45, 46, 47, 48, 49, 50, 51, 52, 53, 54, 55, 56, 57, 58, 59, 60, 61, 62, 63, 64, 65, 66, 67, 68, 69, 70, 71, 72, 73, 74, 75, 76, 77, 78, 79, 80, 81, 82, 83] (1.0, 1.0)


         0         1         2         3         4
0      0.0  0.166667  0.000000  0.171273  0.469317
1      0.0  0.166667  0.021277  0.156862  0.443561
2      0.0  0.166667  0.042553  0.156224  0.411446
3      0.0  0.166667  0.063830  0.137986  0.336249
4      0.0  0.166667  0.085106  0.128864  0.268363
...    ...       ...       ...       ...       ...
15099  1.0  0.000000  0.574468  0.173095  0.570588
15100  1.0  0.000000  0.595745  0.173095  0.563593
15101  1.0  0.000000  0.617021  0.173095  0.564706
15102  1.0  0.000000  0.638298  0.163976  0.564229
15103  1.0  0.000000  0.659574  0.166987  0.571383

[15104 rows x 5 columns]
5
     0    1         2         3         4
0  1.0  0.0  0.680851  0.166987  0.555962
1  1.0  0.0  0.702128  0.154857  0.534181
2  1.0  0.0  0.723404  0.150298  0.507949
3  1.0  0.0  0.744681  0.150298  0.488871
4  1.0  0.0  0.765957  0.150298  0.478379
[86.20494785832679, 86.49268318120114, 86.26619915354257, 86.16200810955777, 86.28006732588912, 85.8875147731365, 92.63587161967202, 92.97745124368993, 91.86572608480118, 92.74509366676581, 90.90991555230428, 87.58605243619364, 88.81974572606829, 86.39950295054881, 91.0244806831043, 86.23064829403044, 91.49552365338565, 92.67625665400534, 91.61093413994341, 92.51123386889303, 92.66208712480758, 92.68984425909827, 88.36326545906489, 87.36618223927509, 88.07047252857953, 87.43884535860855, 87.47354080351187, 90.30842825318314, 98.00575897032687, 92.25742124874725, 92.49478527128191, 91.50516079656352, 93.0191001224514, 91.25674831615848, 87.62135225626591, 87.93355926546542, 86.36230967643581, 87.0123713364553, 154.6709509453135, 87.01685103249156, 86.6173171215641, 90.2301887487225, 92.93989255237881, 91.8475636661232, 92.36673171364548, 90.17236795126303, 87.21159887441003, 91.23073069412277, 86.52457622565635, 87.16847606917929, 87.31918735265046, 92.1915121591461, 92.51772460822784, 92.94562176245725, 93.68723614361467, 94.43310864517153, 90.47147532459492, 99.39491677540282, 87.47793087548125, 87.30366582780009, 89.46625655181062, 89.932334793013, 90.53411382830055, 87.21769491545903, 90.5294477321342, 93.47551533949334, 90.73921865776292, 92.9462411024713, 91.26202046904696, 93.5345775965387, 95.94992690856766, 87.14177756691136, 87.64990491580178, 92.25226490274555, 90.65177793332913, 92.5695085310322, 92.83135899863697, 92.35752199518802, 92.74259881535183, 92.07321516445022, 88.34855408450963, 87.38593194734649, 86.34705233716885]
[30, 30, 30, 30, 30, 30, 30, 30, 30, 30, 30, 30, 30, 30, 30, 30, 30, 30, 30, 30, 30, 30, 30, 30, 30, 30, 30, 30, 30, 30, 30, 30, 30, 30, 30, 30, 30, 30, 30, 30, 30, 30, 30, 30, 30, 30, 30, 30, 30, 30, 30, 30, 30, 30, 30, 30, 30, 30, 30, 30, 30, 30, 30, 30, 30, 30, 30, 30, 30, 30, 30, 30, 30, 30, 30, 30, 30, 30, 30, 30, 30, 30, 30]
SyncStream-PCA (fixed reference)
None
None

￼

syncstream_pca_all took 0.35192179679870605 seconds
     0    1         2         3         4
0  1.0  0.0  0.680851  0.166987  0.555962
1  1.0  0.0  0.702128  0.154857  0.534181
2  1.0  0.0  0.723404  0.150298  0.507949
3  1.0  0.0  0.744681  0.150298  0.488871
4  1.0  0.0  0.765957  0.150298  0.478379
[10.00279402605947, 1.620157738464406, 8.155675181362426, 15.324993326672955, 10.848811217566276, 8.452579228189881, 13.319762137566011, 19.370586494487338, 14.485690834211859, 10.972387998114298, 11.782792089072096, 12.036759273663469, 13.8580855542194, 14.446628084532852, 10.439428507219448, 11.695697108439026, 15.592179322325759, 9.464089266226994, 12.867209636079878, 13.596312219013535, 6.427599286941333, 7.825776004202701, 2.674156728871909, 2.4460392816471783, 4.615096588664867, 5.720631224670529, 2.0447981844804124, 2.6429255864859322, 5.491159858904132, 3.668081034198765, 0.8912962295017082, 7.109185317826629, 2.0614740303641303, 9.809628501577162, 2.184349995359134, 0.46087727377175236, 3.7665591629357964, 8.767663636567463, 4.430174983546851, 0.9689825512326253, 1.7056258177400327, 2.3903670516105606, 6.900215770923194, 3.4155846431598267, 3.826319519084092, 2.3354541214206384, 0.04852066851751906, 0.11819149920579639, 2.7824950857715662, 2.2438736522738476, 2.6047923789484466, 3.59503910217068, 0.8541150015008833, 0.1891109971091832, 4.779215267720226, 8.486424657534329, 10.921316084013426, 12.334900747976757, 2.6854913270851, 9.781693454975978, 17.9771605818173, 21.29679248094481, 21.847386529738525, 25.73537368709235, 26.514035812611766, 30.318881202202043, 28.78413304392542, 26.145599798010515, 22.337011487942306, 23.266951539500628, 17.069686244039044, 16.788975227547848, 19.745451624722794, 9.224330322557169, 9.737221893746499, 19.628187865702365, 13.596629043068614, 10.40631159737016, 6.930227927924908, 10.414076511655425, 5.16057096849044, 10.306966143810705, 20.731905421037755]
[2.5758293035489004, 2.5758293035489004, 2.5758293035489004, 2.5758293035489004, 2.5758293035489004, 2.5758293035489004, 2.5758293035489004, 2.5758293035489004, 2.5758293035489004, 2.5758293035489004, 2.5758293035489004, 2.5758293035489004, 2.5758293035489004, 2.5758293035489004, 2.5758293035489004, 2.5758293035489004, 2.5758293035489004, 2.5758293035489004, 2.5758293035489004, 2.5758293035489004, 2.5758293035489004, 2.5758293035489004, 2.5758293035489004, 2.5758293035489004, 2.5758293035489004, 2.5758293035489004, 2.5758293035489004, 2.5758293035489004, 2.5758293035489004, 2.5758293035489004, 2.5758293035489004, 2.5758293035489004, 2.5758293035489004, 2.5758293035489004, 2.5758293035489004, 2.5758293035489004, 2.5758293035489004, 2.5758293035489004, 2.5758293035489004, 2.5758293035489004, 2.5758293035489004, 2.5758293035489004, 2.5758293035489004, 2.5758293035489004, 2.5758293035489004, 2.5758293035489004, 2.5758293035489004, 2.5758293035489004, 2.5758293035489004, 2.5758293035489004, 2.5758293035489004, 2.5758293035489004, 2.5758293035489004, 2.5758293035489004, 2.5758293035489004, 2.5758293035489004, 2.5758293035489004, 2.5758293035489004, 2.5758293035489004, 2.5758293035489004, 2.5758293035489004, 2.5758293035489004, 2.5758293035489004, 2.5758293035489004, 2.5758293035489004, 2.5758293035489004, 2.5758293035489004, 2.5758293035489004, 2.5758293035489004, 2.5758293035489004, 2.5758293035489004, 2.5758293035489004, 2.5758293035489004, 2.5758293035489004, 2.5758293035489004, 2.5758293035489004, 2.5758293035489004, 2.5758293035489004, 2.5758293035489004, 2.5758293035489004, 2.5758293035489004, 2.5758293035489004, 2.5758293035489004]
SyncStream-Stat (fixed reference)
None
None

￼

syncstream_stat_all took 9.880980014801025 seconds
     0    1         2         3         4
0  1.0  0.0  0.680851  0.166987  0.555962
1  1.0  0.0  0.702128  0.154857  0.534181
2  1.0  0.0  0.723404  0.150298  0.507949
3  1.0  0.0  0.744681  0.150298  0.488871
4  1.0  0.0  0.765957  0.150298  0.478379
t 0 mean: 0.69714 std: 0.0 diff_std: inf time: 4.373646974563599
t 1 mean: 0.7102 std: 0.01306 diff_std: inf time: 8.361248254776001
t 2 mean: 0.71077 std: 0.0107 diff_std: 0.18114 time: 12.342878103256226
t 3 mean: 0.71025 std: 0.00931 diff_std: 0.12987 time: 16.46939992904663
t 4 mean: 0.71097 std: 0.00845 diff_std: 0.09249 time: 20.72119426727295
t 5 mean: 0.70852 std: 0.00946 diff_std: 0.11957 time: 24.864407062530518
t 6 mean: 0.70998 std: 0.00946 diff_std: 0.00057 time: 28.7851459980011
t 7 mean: 0.70949 std: 0.00895 diff_std: 0.05446 time: 32.719391107559204
t 8 mean: 0.70613 std: 0.01271 diff_std: 0.42011 time: 37.18829417228699
t 9 mean: 0.70297 std: 0.01533 diff_std: 0.20634 time: 41.108400106430054
t 10 mean: 0.70233 std: 0.01476 diff_std: 0.0374 time: 45.20591926574707
t 11 mean: 0.69955 std: 0.01687 diff_std: 0.14335 time: 49.20362401008606
t 12 mean: 0.70162 std: 0.01772 diff_std: 0.05044 time: 53.19550704956055
t 13 mean: 0.70273 std: 0.01754 diff_std: 0.01046 time: 57.583975076675415
t 14 mean: 0.70152 std: 0.01753 diff_std: 0.00036 time: 61.50279998779297
t 15 mean: 0.70036 std: 0.01757 diff_std: 0.00199 time: 65.54605722427368
t 16 mean: 0.70355 std: 0.02131 diff_std: 0.21315 time: 69.68420696258545
t 17 mean: 0.70251 std: 0.02115 diff_std: 0.00731 time: 73.620126247406
t 18 mean: 0.70164 std: 0.02091 diff_std: 0.01131 time: 77.94450306892395
t 19 mean: 0.70199 std: 0.02044 diff_std: 0.02261 time: 82.22007703781128
t 20 mean: 0.70114 std: 0.02031 diff_std: 0.00659 time: 86.20409202575684
t 21 mean: 0.70086 std: 0.01988 diff_std: 0.02096 time: 90.38004398345947
t 22 mean: 0.69974 std: 0.02014 diff_std: 0.01306 time: 94.31368517875671
t 23 mean: 0.70065 std: 0.02019 diff_std: 0.00268 time: 98.63916802406311
t 24 mean: 0.70067 std: 0.01979 diff_std: 0.0202 time: 102.5859522819519
t 25 mean: 0.70039 std: 0.01945 diff_std: 0.01687 time: 106.55768322944641
t 26 mean: 0.70255 std: 0.02204 diff_std: 0.13285 time: 110.85434412956238
t 27 mean: 0.70368 std: 0.02242 diff_std: 0.01754 time: 114.84195017814636
t 28 mean: 0.70339 std: 0.02208 diff_std: 0.01512 time: 118.85128426551819
t 29 mean: 0.70317 std: 0.02175 diff_std: 0.01529 time: 122.81887412071228
t 30 mean: 0.7034 std: 0.02143 diff_std: 0.0145 time: 126.73438811302185
t 31 mean: 0.70263 std: 0.02153 diff_std: 0.00457 time: 130.97520804405212
[-232.82408152092944, -325.4862778143429, -184.4957287726736, -144.9949619799513, -183.07186032663435, -273.04594372729, -258.20880695143705, -534.7662760519322, -679.2629668410899, -794.9371053110538, -1615.957170667155, -1781.492594722932, -2158.860463625523, -2429.562328003864, -2230.564430245893, -2666.3884675605477, -2663.4034715709868, -2390.1385169990126, -2208.418058356412, -1780.6043941190271, -2106.1091535973883, -2136.5137609817266, -1597.3295143919656, -1411.5256156425967, -1535.6958797947646, -1374.9884969870031, -1204.6199295922738, -950.2312622064564, -725.1179355963628, -1089.8119598020253, -1079.1151219404148, -757.5120604510972, -816.0024545134652, -35251.20162442796, -1455.9890791414796, -1607.215363730532, -1736.7606554033787, -1252.314915336945, -7738.970644408481, -9594.445419341679, -10435.613755977023, -10499.60563607428, -11269.087628606798, -10595.06393066918, -10481.962405043329, -18903.867851890558, -10476.952852607263, -10627.28967899875, -10788.80091044093, -10080.245657449685, -9751.902981941772, -9778.29196634034, -10348.05306332107, -10419.09949864277, -10947.224997275922, -13124.122945574689, -11402.182543373172, -17374.868169616486, -11465.319864828109, -11438.110854013898, -18533.55135512115, -32048.868878032925, -11377.804502258537, -11470.479752625635, -11195.479341592836, -11430.643868274487, -11712.130840964315, -10421.845089006114, -10372.152840034612, -11447.738610443455, -9915.809646518235, -10113.181341019712, -10044.124471814532, -10281.949952171377, -10508.173168451487, -10314.390360903819, -10172.406047656854, -10461.318445735727, -10533.769694357808, -10489.08620603983, -10460.743486652162, -10387.522536690669, -7928.363444739333]
[-48.241610754337245, -48.241610754337245, -48.241610754337245, -48.241610754337245, -48.241610754337245, -48.241610754337245, -48.241610754337245, -48.241610754337245, -48.241610754337245, -48.241610754337245, -48.241610754337245, -48.241610754337245, -48.241610754337245, -48.241610754337245, -48.241610754337245, -48.241610754337245, -48.241610754337245, -48.241610754337245, -48.241610754337245, -48.241610754337245, -48.241610754337245, -48.241610754337245, -48.241610754337245, -48.241610754337245, -48.241610754337245, -48.241610754337245, -48.241610754337245, -48.241610754337245, -48.241610754337245, -48.241610754337245, -48.241610754337245, -48.241610754337245, -48.241610754337245, -48.241610754337245, -48.241610754337245, -48.241610754337245, -48.241610754337245, -48.241610754337245, -48.241610754337245, -48.241610754337245, -48.241610754337245, -48.241610754337245, -48.241610754337245, -48.241610754337245, -48.241610754337245, -48.241610754337245, -48.241610754337245, -48.241610754337245, -48.241610754337245, -48.241610754337245, -48.241610754337245, -48.241610754337245, -48.241610754337245, -48.241610754337245, -48.241610754337245, -48.241610754337245, -48.241610754337245, -48.241610754337245, -48.241610754337245, -48.241610754337245, -48.241610754337245, -48.241610754337245, -48.241610754337245, -48.241610754337245, -48.241610754337245, -48.241610754337245, -48.241610754337245, -48.241610754337245, -48.241610754337245, -48.241610754337245, -48.241610754337245, -48.241610754337245, -48.241610754337245, -48.241610754337245, -48.241610754337245, -48.241610754337245, -48.241610754337245, -48.241610754337245, -48.241610754337245, -48.241610754337245, -48.241610754337245, -48.241610754337245, -41.8695530075229]
SCD (unidirectional)
None
None

￼

scd_all took 415.99578309059143 seconds

 real_world_data/electricity_dataset.csv encoder: None
PCA_ref: [1, 2, 3, 4, 5, 6, 7, 8, 9, 10, 11, 12, 13, 14, 15, 16, 17, 18, 19, 20, 21, 22, 23, 24, 25, 26, 27, 28, 29, 30, 31, 32, 33, 34, 35, 36, 37, 38, 39, 40, 41, 42, 43, 44, 45, 46, 47, 48, 49, 50, 51, 52, 53, 54, 55, 56, 57, 58, 59, 60, 61, 62, 63, 64, 65, 66, 67, 68, 69, 70, 71, 72, 73, 74, 75, 76, 77, 78, 79, 80, 81, 82, 83] (1.0, 1.0) Stat_ref: [1, 3, 4, 5, 6, 7, 8, 9, 10, 11, 12, 13, 14, 15, 16, 17, 18, 19, 20, 21, 22, 23, 25, 26, 28, 29, 30, 32, 34, 37, 38, 39, 43, 44, 45, 49, 51, 52, 55, 56, 57, 58, 59, 60, 61, 62, 63, 64, 65, 66, 67, 68, 69, 70, 71, 72, 73, 74, 75, 76, 77, 78, 79, 80, 81, 82, 83] (0.8048780487804879, 1.0) SCD_unidir: [1, 2, 3, 4, 5, 6, 7, 8, 9, 10, 11, 12, 13, 14, 15, 16, 17, 18, 19, 20, 21, 22, 23, 24, 25, 26, 27, 28, 29, 30, 31, 32, 33, 34, 35, 36, 37, 38, 39, 40, 41, 42, 43, 44, 45, 46, 47, 48, 49, 50, 51, 52, 53, 54, 55, 56, 57, 58, 59, 60, 61, 62, 63, 64, 65, 66, 67, 68, 69, 70, 71, 72, 73, 74, 75, 76, 77, 78, 79, 80, 81, 82, 83] (1.0, 1.0)

