SEA (all detectors), scaler and no scaler

        attrib1   attrib2   attrib3
30000  5.891387  1.199645  9.172945
30001  0.559205  1.979348  3.583475
30002  1.539037  6.912810  9.551220
30003  4.315891  1.385722  8.675697
30004  8.588894  3.506582  6.917917
[2.046686082797679, 7.865262594398631, 10.565862969752049, 37.12206455678978, 13.02909256603819, 8.11734669067383, 27.179175294529273]
[30, 30, 30, 30, 30, 30, 30]
SyncStream-PCA (fixed reference)
None
None



syncstream_pca_all took 0.19532299041748047 seconds
        attrib1   attrib2   attrib3
30000  5.891387  1.199645  9.172945
30001  0.559205  1.979348  3.583475
30002  1.539037  6.912810  9.551220
30003  4.315891  1.385722  8.675697
30004  8.588894  3.506582  6.917917
[0.7541039010558882, 1.3641259701638946, 10.773650524559763, 20.786140029503485, 20.5761630476864, 19.918293730699276, 19.85222750236641]
[2.5758293035489004, 2.5758293035489004, 2.5758293035489004, 2.5758293035489004, 2.5758293035489004, 2.5758293035489004, 2.5758293035489004]
SyncStream-Stat (fixed reference)
None
None



syncstream_stat_all took 1.178394079208374 seconds
        attrib1   attrib2   attrib3
30000  5.891387  1.199645  9.172945
30001  0.559205  1.979348  3.583475
30002  1.539037  6.912810  9.551220
30003  4.315891  1.385722  8.675697
30004  8.588894  3.506582  6.917917
[17.18915378730162, 75.25964237441076, -783.8997143846791, -1606.9669554916036, -1526.0130234086973, -1566.2310008114582, -1559.983069486334]
[-204.29718828626972, -204.29718828626972, -204.29718828626972, -204.29718828626972, -204.29718828626972, -204.29718828626972, -204.29718828626972]
SCD (unidirectional)
None
None



scd_all took 386.57832384109497 seconds
        attrib1   attrib2   attrib3
30000  5.891387  1.199645  9.172945
30001  0.559205  1.979348  3.583475
30002  1.539037  6.912810  9.551220
30003  4.315891  1.385722  8.675697
30004  8.588894  3.506582  6.917917
[2.046686082796967, 9.90806386373439, 2.707355445965162, 47.43515586365341, 26.312598684258774, 4.915257788127367, 21.0064687733918]
[30, 30, 30, 30, 30, 30, 30]
SyncStream-PCA (consecutive)
None
None



syncstream_pca_all (cons) took 0.14365506172180176 seconds
        attrib1   attrib2   attrib3
30000  5.891387  1.199645  9.172945
30001  0.559205  1.979348  3.583475
30002  1.539037  6.912810  9.551220
30003  4.315891  1.385722  8.675697
30004  8.588894  3.506582  6.917917
[0.7541039010558882, 0.4896211636754924, 9.960652516494802, 8.037058649219638, 0.14051977609234745, 0.5633757711103237, 0.07359614049796157]
[2.5758293035489004, 2.5758293035489004, 2.5758293035489004, 2.5758293035489004, 2.5758293035489004, 2.5758293035489004, 2.5758293035489004]
SyncStream-Stat (consecutive)
None
None



syncstream_stat_all (cons) took 0.7137949466705322 seconds

 synthetic_data/abrupt_drift/sea_1_abrupt_drift_0_noise_balanced.arff encoder: None
PCA_ref: [4] (0.0, 0.25) Stat_ref: [3, 4, 5, 6, 7] (0.0, 0.0) SCD_unidir: [3, 4, 5, 6, 7] (0.0, 0.0)
PCA_orig: [4] (0.0, 0.25) Stat_orig: [3, 4] (0.0, 0.0) 

          0         1         2
0  0.589172  0.119963  0.917328
1  0.055914  0.197935  0.358353
2  0.153904  0.691294  0.955158
3  0.431610  0.138571  0.867601
4  0.858942  0.350663  0.691814
[2.0456255725331074, 7.866663870950799, 10.565812474938477, 37.115007243511315, 13.012063358501585, 8.12774570968156, 27.129957001558843]
[30, 30, 30, 30, 30, 30, 30]
SyncStream-PCA (fixed reference)
None
None



syncstream_pca_all took 0.15092015266418457 seconds
          0         1         2
0  0.589172  0.119963  0.917328
1  0.055914  0.197935  0.358353
2  0.153904  0.691294  0.955158
3  0.431610  0.138571  0.867601
4  0.858942  0.350663  0.691814
[0.7541039010558882, 1.3641259701638946, 10.773650524559763, 20.786140029503485, 20.5761630476864, 19.918293730699276, 19.85222750236641]
[2.5758293035489004, 2.5758293035489004, 2.5758293035489004, 2.5758293035489004, 2.5758293035489004, 2.5758293035489004, 2.5758293035489004]
SyncStream-Stat (fixed reference)
None
None



syncstream_stat_all took 1.151609182357788 seconds
          0         1         2
0  0.589172  0.119963  0.917328
1  0.055914  0.197935  0.358353
2  0.153904  0.691294  0.955158
3  0.431610  0.138571  0.867601
4  0.858942  0.350663  0.691814
[-13.731974566713234, 33.569693907396754, -811.2643036143668, -1638.2172147159567, -1543.6461662629486, -1573.756802490182, -1585.854941778336]
[-202.99339296029564, -202.99339296029564, -202.99339296029564, -202.99339296029564, -202.99339296029564, -202.99339296029564, -202.99339296029564]
SCD (unidirectional)
None
None



scd_all took 348.3474750518799 seconds
          0         1         2
0  0.589172  0.119963  0.917328
1  0.055914  0.197935  0.358353
2  0.153904  0.691294  0.955158
3  0.431610  0.138571  0.867601
4  0.858942  0.350663  0.691814
[2.0456255725323946, 9.908397143152605, 2.70577403158726, 47.43268124329242, 26.321039269088587, 4.887137533352785, 20.966158333788762]
[30, 30, 30, 30, 30, 30, 30]
SyncStream-PCA (consecutive)
None
None



syncstream_pca_all (cons) took 0.1492149829864502 seconds
          0         1         2
0  0.589172  0.119963  0.917328
1  0.055914  0.197935  0.358353
2  0.153904  0.691294  0.955158
3  0.431610  0.138571  0.867601
4  0.858942  0.350663  0.691814
[0.7541039010558882, 0.4896211636754924, 9.960652516494802, 8.037058649219638, 0.14051977609234745, 0.5633757711103237, 0.07359614049796157]
[2.5758293035489004, 2.5758293035489004, 2.5758293035489004, 2.5758293035489004, 2.5758293035489004, 2.5758293035489004, 2.5758293035489004]
SyncStream-Stat (consecutive)
None
None



syncstream_stat_all (cons) took 0.9666728973388672 seconds

 synthetic_data/abrupt_drift/sea_1_abrupt_drift_0_noise_balanced.arff encoder: None
PCA_ref: [4] (0.0, 0.25) Stat_ref: [3, 4, 5, 6, 7] (0.0, 0.0) SCD_unidir: [3, 4, 5, 6, 7] (0.0, 0.0)
PCA_orig: [4] (0.0, 0.25) Stat_orig: [3, 4] (0.0, 0.0) 

        attrib1   attrib2   attrib3
30000  5.891387  1.199645  9.172945
30001  0.559205  1.979348  3.583475
30002  1.539037  6.912810  9.551220
30003  4.315891  1.385722  8.675697
30004  8.588894  3.506582  6.917917
[2.046686082797323, 7.8652625943980725, 10.49983145218593, 37.33874514123252, 13.529190753151903, 7.683851936114367, 28.22440759618047]
[30, 30, 30, 30, 30, 30, 30]
SyncStream-PCA (fixed reference)
None
None



syncstream_pca_all took 0.12871074676513672 seconds
        attrib1   attrib2   attrib3
30000  5.891387  1.199645  9.172945
30001  0.559205  1.979348  3.583475
30002  1.539037  6.912810  9.551220
30003  4.315891  1.385722  8.675697
30004  8.588894  3.506582  6.917917
[0.7541039010558882, 1.3641259701638946, 10.749660805816044, 20.77481301171609, 20.594228977582848, 19.913634048065383, 19.848082660595427]
[2.5758293035489004, 2.5758293035489004, 2.5758293035489004, 2.5758293035489004, 2.5758293035489004, 2.5758293035489004, 2.5758293035489004]
SyncStream-Stat (fixed reference)
None
None



syncstream_stat_all took 1.2760241031646729 seconds
        attrib1   attrib2   attrib3
30000  5.891387  1.199645  9.172945
30001  0.559205  1.979348  3.583475
30002  1.539037  6.912810  9.551220
30003  4.315891  1.385722  8.675697
30004  8.588894  3.506582  6.917917
[-4.425087573108613, 28.602286713619833, -803.9507748725446, -1625.6068853988836, -1527.4273045901937, -1577.2458061506914, -1584.0209863004275]
[-203.01888524875855, -203.01888524875855, -203.01888524875855, -203.01888524875855, -203.01888524875855, -203.01888524875855, -203.01888524875855]
SCD (unidirectional)
None
None



scd_all took 361.67908000946045 seconds
        attrib1   attrib2   attrib3
30000  5.891387  1.199645  9.172945
30001  0.559205  1.979348  3.583475
30002  1.539037  6.912810  9.551220
30003  4.315891  1.385722  8.675697
30004  8.588894  3.506582  6.917917
[2.046686082797679, 9.908063863734684, 2.6411663395737492, 47.61630124446085, 25.854019548230724, 5.845461842836488, 22.343015335254055]
[30, 30, 30, 30, 30, 30, 30]
SyncStream-PCA (consecutive)
None
None



syncstream_pca_all (cons) took 0.14444398880004883 seconds
        attrib1   attrib2   attrib3
30000  5.891387  1.199645  9.172945
30001  0.559205  1.979348  3.583475
30002  1.539037  6.912810  9.551220
30003  4.315891  1.385722  8.675697
30004  8.588894  3.506582  6.917917
[0.7541039010558882, 0.4896211636754924, 9.941527240770721, 8.04666902061399, 0.12107891416286694, 0.5761861906832566, 0.07270512885732695]
[2.5758293035489004, 2.5758293035489004, 2.5758293035489004, 2.5758293035489004, 2.5758293035489004, 2.5758293035489004, 2.5758293035489004]
SyncStream-Stat (consecutive)
None
None



syncstream_stat_all (cons) took 0.8266878128051758 seconds

 synthetic_data/gradual_drift/sea_1_gradual_drift_0_noise_balanced_1.arff encoder: None
PCA_ref: [4] (0.0, 0.25) Stat_ref: [3, 4, 5, 6, 7] (0.0, 0.0) SCD_unidir: [3, 4, 5, 6, 7] (0.0, 0.0)
PCA_orig: [4] (0.0, 0.25) Stat_orig: [3, 4] (0.0, 0.0) 

          0         1         2
0  0.589172  0.119963  0.917328
1  0.055914  0.197935  0.358353
2  0.153904  0.691294  0.955158
3  0.431610  0.138571  0.867601
4  0.858942  0.350663  0.691814
[2.0456255725323946, 7.8666638709514025, 10.499800923904369, 37.33153902527953, 13.511941435543203, 7.694203026073566, 28.178674311490877]
[30, 30, 30, 30, 30, 30, 30]
SyncStream-PCA (fixed reference)
None
None



syncstream_pca_all took 0.18535709381103516 seconds
          0         1         2
0  0.589172  0.119963  0.917328
1  0.055914  0.197935  0.358353
2  0.153904  0.691294  0.955158
3  0.431610  0.138571  0.867601
4  0.858942  0.350663  0.691814
[0.7541039010558882, 1.3641259701638946, 10.749660805816044, 20.77481301171609, 20.594228977582848, 19.913634048065383, 19.848082660595427]
[2.5758293035489004, 2.5758293035489004, 2.5758293035489004, 2.5758293035489004, 2.5758293035489004, 2.5758293035489004, 2.5758293035489004]
SyncStream-Stat (fixed reference)
None
None



syncstream_stat_all took 1.3237817287445068 seconds
          0         1         2
0  0.589172  0.119963  0.917328
1  0.055914  0.197935  0.358353
2  0.153904  0.691294  0.955158
3  0.431610  0.138571  0.867601
4  0.858942  0.350663  0.691814
[52.1250649140452, 99.75874983601341, -768.8790213080629, -1590.0331033766074, -1511.799438058185, -1546.328446499826, -1545.1742468008015]
[-206.84279934462631, -206.84279934462631, -206.84279934462631, -206.84279934462631, -206.84279934462631, -206.84279934462631, -206.84279934462631]
SCD (unidirectional)
None
None



scd_all took 343.1632070541382 seconds
          0         1         2
0  0.589172  0.119963  0.917328
1  0.055914  0.197935  0.358353
2  0.153904  0.691294  0.955158
3  0.431610  0.138571  0.867601
4  0.858942  0.350663  0.691814
[2.045625572532038, 9.908397143152126, 2.6396057974868845, 47.61350140731965, 25.86141086787317, 5.818056929054791, 22.30605613294957]
[30, 30, 30, 30, 30, 30, 30]
SyncStream-PCA (consecutive)
None
None



syncstream_pca_all (cons) took 0.125626802444458 seconds
          0         1         2
0  0.589172  0.119963  0.917328
1  0.055914  0.197935  0.358353
2  0.153904  0.691294  0.955158
3  0.431610  0.138571  0.867601
4  0.858942  0.350663  0.691814
[0.7541039010558882, 0.4896211636754924, 9.941527240770721, 8.04666902061399, 0.12107891416286694, 0.5761861906832566, 0.07270512885732695]
[2.5758293035489004, 2.5758293035489004, 2.5758293035489004, 2.5758293035489004, 2.5758293035489004, 2.5758293035489004, 2.5758293035489004]
SyncStream-Stat (consecutive)
None
None



syncstream_stat_all (cons) took 0.6791338920593262 seconds

 synthetic_data/gradual_drift/sea_1_gradual_drift_0_noise_balanced_1.arff encoder: None
PCA_ref: [4] (0.0, 0.25) Stat_ref: [3, 4, 5, 6, 7] (0.0, 0.0) SCD_unidir: [3, 4, 5, 6, 7] (0.0, 0.0)
PCA_orig: [4] (0.0, 0.25) Stat_orig: [3, 4] (0.0, 0.0) 

        attrib1   attrib2   attrib3
30000  5.891387  1.199645  9.172945
30001  0.559205  1.979348  3.583475
30002  1.539037  6.912810  9.551220
30003  4.315891  1.385722  8.675697
30004  8.588894  3.506582  6.917917
[2.0466860827975006, 8.261784638266631, 10.628201732901774, 36.31524694970311, 13.390604948204986, 7.445455101582732, 28.655579021954853]
[30, 30, 30, 30, 30, 30, 30]
SyncStream-PCA (fixed reference)
None
None



syncstream_pca_all took 0.11848282814025879 seconds
        attrib1   attrib2   attrib3
30000  5.891387  1.199645  9.172945
30001  0.559205  1.979348  3.583475
30002  1.539037  6.912810  9.551220
30003  4.315891  1.385722  8.675697
30004  8.588894  3.506582  6.917917
[0.7541039010558882, 1.3168467324879998, 10.725812079736498, 20.72886735945886, 20.606424759457706, 19.93645719449205, 19.86901698925007]
[2.5758293035489004, 2.5758293035489004, 2.5758293035489004, 2.5758293035489004, 2.5758293035489004, 2.5758293035489004, 2.5758293035489004]
SyncStream-Stat (fixed reference)
None
None



syncstream_stat_all took 1.1166789531707764 seconds
        attrib1   attrib2   attrib3
30000  5.891387  1.199645  9.172945
30001  0.559205  1.979348  3.583475
30002  1.539037  6.912810  9.551220
30003  4.315891  1.385722  8.675697
30004  8.588894  3.506582  6.917917
[9.982195786564262, 59.97247879227507, -788.3308861960686, -1620.6200870986067, -1542.9894091593742, -1560.747001785494, -1579.1377934083866]
[-204.8528112617499, -204.8528112617499, -204.8528112617499, -204.8528112617499, -204.8528112617499, -204.8528112617499, -204.8528112617499]
SCD (unidirectional)
None
None



scd_all took 328.37967681884766 seconds
        attrib1   attrib2   attrib3
30000  5.891387  1.199645  9.172945
30001  0.559205  1.979348  3.583475
30002  1.539037  6.912810  9.551220
30003  4.315891  1.385722  8.675697
30004  8.588894  3.506582  6.917917
[2.0466860827966102, 10.304777425812157, 2.3783531163284906, 46.66951466799095, 25.279926272612123, 5.954695886142387, 22.82076535773854]
[30, 30, 30, 30, 30, 30, 30]
SyncStream-PCA (consecutive)
None
None



syncstream_pca_all (cons) took 0.12207794189453125 seconds
        attrib1   attrib2   attrib3
30000  5.891387  1.199645  9.172945
30001  0.559205  1.979348  3.583475
30002  1.539037  6.912810  9.551220
30003  4.315891  1.385722  8.675697
30004  8.588894  3.506582  6.917917
[0.7541039010558882, 0.451066937921086, 9.880183947691174, 8.04846693878189, 0.08998011777553969, 0.5683264528603558, 0.07605968033973276]
[2.5758293035489004, 2.5758293035489004, 2.5758293035489004, 2.5758293035489004, 2.5758293035489004, 2.5758293035489004, 2.5758293035489004]
SyncStream-Stat (consecutive)
None
None



syncstream_stat_all (cons) took 0.7253038883209229 seconds

 synthetic_data/gradual_drift/sea_1_gradual_drift_0_noise_balanced_5.arff encoder: None
PCA_ref: [4] (0.0, 0.25) Stat_ref: [3, 4, 5, 6, 7] (0.0, 0.0) SCD_unidir: [3, 4, 5, 6, 7] (0.0, 0.0)
PCA_orig: [4] (0.0, 0.25) Stat_orig: [3, 4] (0.0, 0.0) 

          0         1         2
0  0.589172  0.119963  0.917328
1  0.055914  0.197935  0.358353
2  0.153904  0.691294  0.955158
3  0.431610  0.138571  0.867601
4  0.858942  0.350663  0.691814
[2.04562557253382, 8.263183343798385, 10.628039603818772, 36.30403750822604, 13.373297056860622, 7.45490783098498, 28.60635745324674]
[30, 30, 30, 30, 30, 30, 30]
SyncStream-PCA (fixed reference)
None
None



syncstream_pca_all took 0.13390707969665527 seconds
          0         1         2
0  0.589172  0.119963  0.917328
1  0.055914  0.197935  0.358353
2  0.153904  0.691294  0.955158
3  0.431610  0.138571  0.867601
4  0.858942  0.350663  0.691814
[0.7541039010558882, 1.3168467324879998, 10.725812079736498, 20.72886735945886, 20.606424759457706, 19.93645719449205, 19.86901698925007]
[2.5758293035489004, 2.5758293035489004, 2.5758293035489004, 2.5758293035489004, 2.5758293035489004, 2.5758293035489004, 2.5758293035489004]
SyncStream-Stat (fixed reference)
None
None



syncstream_stat_all took 1.2006771564483643 seconds
          0         1         2
0  0.589172  0.119963  0.917328
1  0.055914  0.197935  0.358353
2  0.153904  0.691294  0.955158
3  0.431610  0.138571  0.867601
4  0.858942  0.350663  0.691814
[-11.95901683479633, 42.912998761615086, -806.7956947262594, -1612.3579954682739, -1550.2136724652453, -1576.171782234763, -1585.2108979042657]
[-202.67133500241854, -202.67133500241854, -202.67133500241854, -202.67133500241854, -202.67133500241854, -202.67133500241854, -202.67133500241854]
SCD (unidirectional)
None
None



scd_all took 328.58781480789185 seconds
          0         1         2
0  0.589172  0.119963  0.917328
1  0.055914  0.197935  0.358353
2  0.153904  0.691294  0.955158
3  0.431610  0.138571  0.867601
4  0.858942  0.350663  0.691814
[2.0456255725323946, 10.305107499692086, 2.3766012637764495, 46.662825060587636, 25.284576036628934, 5.926699336635464, 22.780368526330065]
[30, 30, 30, 30, 30, 30, 30]
SyncStream-PCA (consecutive)
None
None



syncstream_pca_all (cons) took 0.13007378578186035 seconds
          0         1         2
0  0.589172  0.119963  0.917328
1  0.055914  0.197935  0.358353
2  0.153904  0.691294  0.955158
3  0.431610  0.138571  0.867601
4  0.858942  0.350663  0.691814
[0.7541039010558882, 0.451066937921086, 9.880183947691174, 8.04846693878189, 0.08998011777553969, 0.5683264528603558, 0.07605968033973276]
[2.5758293035489004, 2.5758293035489004, 2.5758293035489004, 2.5758293035489004, 2.5758293035489004, 2.5758293035489004, 2.5758293035489004]
SyncStream-Stat (consecutive)
None
None



syncstream_stat_all (cons) took 0.7117948532104492 seconds

 synthetic_data/gradual_drift/sea_1_gradual_drift_0_noise_balanced_5.arff encoder: None
PCA_ref: [4] (0.0, 0.25) Stat_ref: [3, 4, 5, 6, 7] (0.0, 0.0) SCD_unidir: [3, 4, 5, 6, 7] (0.0, 0.0)
PCA_orig: [4] (0.0, 0.25) Stat_orig: [3, 4] (0.0, 0.0) 

        attrib1   attrib2   attrib3
30000  5.891387  1.199645  9.172945
30001  0.559205  1.979348  3.583475
30002  1.539037  6.912810  9.551220
30003  4.315891  1.385722  8.675697
30004  8.588894  3.506582  6.917917
[2.046686082797679, 7.8652625943983985, 10.66603765214276, 37.251432956107514, 13.01359868555036, 8.469281969093995, 27.77954414412816]
[30, 30, 30, 30, 30, 30, 30]
SyncStream-PCA (fixed reference)
None
None



syncstream_pca_all took 0.11762213706970215 seconds
        attrib1   attrib2   attrib3
30000  5.891387  1.199645  9.172945
30001  0.559205  1.979348  3.583475
30002  1.539037  6.912810  9.551220
30003  4.315891  1.385722  8.675697
30004  8.588894  3.506582  6.917917
[0.7541039010558882, 1.3641259701638946, 10.765659751060074, 20.783719977518004, 20.59495948013773, 19.91140811867663, 19.84356253681823]
[2.5758293035489004, 2.5758293035489004, 2.5758293035489004, 2.5758293035489004, 2.5758293035489004, 2.5758293035489004, 2.5758293035489004]
SyncStream-Stat (fixed reference)
None
None



syncstream_stat_all took 1.1803913116455078 seconds
        attrib1   attrib2   attrib3
30000  5.891387  1.199645  9.172945
30001  0.559205  1.979348  3.583475
30002  1.539037  6.912810  9.551220
30003  4.315891  1.385722  8.675697
30004  8.588894  3.506582  6.917917
[19.274279537567054, 58.51343586240546, -800.5199521110044, -1623.3090652712708, -1532.4510836330737, -1565.568399186188, -1558.4565182712686]
[-204.03679730305132, -204.03679730305132, -204.03679730305132, -204.03679730305132, -204.03679730305132, -204.03679730305132, -204.03679730305132]
SCD (unidirectional)
None
None



scd_all took 327.3755180835724 seconds
        attrib1   attrib2   attrib3
30000  5.891387  1.199645  9.172945
30001  0.559205  1.979348  3.583475
30002  1.539037  6.912810  9.551220
30003  4.315891  1.385722  8.675697
30004  8.588894  3.506582  6.917917
[2.046686082797323, 9.908063863734574, 2.8069126175052026, 47.66829029648391, 26.46241253755489, 4.556026491928791, 21.26229890484198]
[30, 30, 30, 30, 30, 30, 30]
SyncStream-PCA (consecutive)
None
None



syncstream_pca_all (cons) took 0.11863231658935547 seconds
        attrib1   attrib2   attrib3
30000  5.891387  1.199645  9.172945
30001  0.559205  1.979348  3.583475
30002  1.539037  6.912810  9.551220
30003  4.315891  1.385722  8.675697
30004  8.588894  3.506582  6.917917
[0.7541039010558882, 0.4896211636754924, 9.954341684955073, 8.040431524343722, 0.12274597203747832, 0.5854838108363605, 0.07419428754255002]
[2.5758293035489004, 2.5758293035489004, 2.5758293035489004, 2.5758293035489004, 2.5758293035489004, 2.5758293035489004, 2.5758293035489004]
SyncStream-Stat (consecutive)
None
None



syncstream_stat_all (cons) took 0.6726899147033691 seconds

 synthetic_data/gradual_drift/sea_1_gradual_drift_0_noise_balanced_05.arff encoder: None
PCA_ref: [4] (0.0, 0.25) Stat_ref: [3, 4, 5, 6, 7] (0.0, 0.0) SCD_unidir: [3, 4, 5, 6, 7] (0.0, 0.0)
PCA_orig: [4] (0.0, 0.25) Stat_orig: [3, 4] (0.0, 0.0) 

          0         1         2
0  0.589172  0.119963  0.917328
1  0.055914  0.197935  0.358353
2  0.153904  0.691294  0.955158
3  0.431610  0.138571  0.867601
4  0.858942  0.350663  0.691814
[2.045625572532929, 7.866663870950799, 10.666022551518033, 37.24466473244123, 12.996946855916319, 8.479248915797289, 27.729801629668135]
[30, 30, 30, 30, 30, 30, 30]
SyncStream-PCA (fixed reference)
None
None



syncstream_pca_all took 0.1811072826385498 seconds
          0         1         2
0  0.589172  0.119963  0.917328
1  0.055914  0.197935  0.358353
2  0.153904  0.691294  0.955158
3  0.431610  0.138571  0.867601
4  0.858942  0.350663  0.691814
[0.7541039010558882, 1.3641259701638946, 10.765659751060074, 20.783719977518004, 20.59495948013773, 19.91140811867663, 19.84356253681823]
[2.5758293035489004, 2.5758293035489004, 2.5758293035489004, 2.5758293035489004, 2.5758293035489004, 2.5758293035489004, 2.5758293035489004]
SyncStream-Stat (fixed reference)
None
None



syncstream_stat_all took 1.1043140888214111 seconds
          0         1         2
0  0.589172  0.119963  0.917328
1  0.055914  0.197935  0.358353
2  0.153904  0.691294  0.955158
3  0.431610  0.138571  0.867601
4  0.858942  0.350663  0.691814
[1.011944341944286, 45.534349731565044, -824.3271865424858, -1636.424598793019, -1552.7146264065486, -1587.9986028177163, -1591.2644637449616]
[-203.89072250025222, -203.89072250025222, -203.89072250025222, -203.89072250025222, -203.89072250025222, -203.89072250025222, -203.89072250025222]
SCD (unidirectional)
None
None



scd_all took 337.86184215545654 seconds
          0         1         2
0  0.589172  0.119963  0.917328
1  0.055914  0.197935  0.358353
2  0.153904  0.691294  0.955158
3  0.431610  0.138571  0.867601
4  0.858942  0.350663  0.691814
[2.0456255725331074, 9.908397143152643, 2.805376001125684, 47.66612673055766, 26.470712708884832, 4.52816461509821, 21.221413069950565]
[30, 30, 30, 30, 30, 30, 30]
SyncStream-PCA (consecutive)
None
None



syncstream_pca_all (cons) took 0.1411299705505371 seconds
          0         1         2
0  0.589172  0.119963  0.917328
1  0.055914  0.197935  0.358353
2  0.153904  0.691294  0.955158
3  0.431610  0.138571  0.867601
4  0.858942  0.350663  0.691814
[0.7541039010558882, 0.4896211636754924, 9.954341684955073, 8.040431524343722, 0.12274597203747832, 0.5854838108363605, 0.07419428754255002]
[2.5758293035489004, 2.5758293035489004, 2.5758293035489004, 2.5758293035489004, 2.5758293035489004, 2.5758293035489004, 2.5758293035489004]
SyncStream-Stat (consecutive)
None
None



syncstream_stat_all (cons) took 0.6747269630432129 seconds

 synthetic_data/gradual_drift/sea_1_gradual_drift_0_noise_balanced_05.arff encoder: None
PCA_ref: [4] (0.0, 0.25) Stat_ref: [3, 4, 5, 6, 7] (0.0, 0.0) SCD_unidir: [3, 4, 5, 6, 7] (0.0, 0.0)
PCA_orig: [4] (0.0, 0.25) Stat_orig: [3, 4] (0.0, 0.0) 

        attrib1   attrib2   attrib3
30000  5.891387  1.199645  9.172945
30001  0.559205  1.979348  3.583475
30002  1.539037  6.912810  9.551220
30003  4.315891  1.385722  8.675697
30004  8.588894  3.506582  6.917917
[2.189844373587957, 8.336818037875629, 5.513727690500039, 12.281254424669285, 8.709681904648033, 6.486436374841495, 25.92501815197508]
[30, 30, 30, 30, 30, 30, 30]
SyncStream-PCA (fixed reference)
None
None



syncstream_pca_all took 0.1272258758544922 seconds
        attrib1   attrib2   attrib3
30000  5.891387  1.199645  9.172945
30001  0.559205  1.979348  3.583475
30002  1.539037  6.912810  9.551220
30003  4.315891  1.385722  8.675697
30004  8.588894  3.506582  6.917917
[0.7505614794083887, 1.315806831645292, 4.099129513365401, 16.605966511297723, 21.05257892651867, 19.72328946970026, 20.187235678082825]
[2.5758293035489004, 2.5758293035489004, 2.5758293035489004, 2.5758293035489004, 2.5758293035489004, 2.5758293035489004, 2.5758293035489004]
SyncStream-Stat (fixed reference)
None
None



syncstream_stat_all took 1.1730899810791016 seconds
        attrib1   attrib2   attrib3
30000  5.891387  1.199645  9.172945
30001  0.559205  1.979348  3.583475
30002  1.539037  6.912810  9.551220
30003  4.315891  1.385722  8.675697
30004  8.588894  3.506582  6.917917
[-10.419033115613274, 28.387317908534897, -284.3560419514688, -1376.8489688702102, -1555.7595209485735, -1541.3595486598642, -1583.926165207682]
[-202.13524133450449, -202.13524133450449, -202.13524133450449, -202.13524133450449, -202.13524133450449, -202.13524133450449, -202.13524133450449]
SCD (unidirectional)
None
None



scd_all took 328.26039385795593 seconds
        attrib1   attrib2   attrib3
30000  5.891387  1.199645  9.172945
30001  0.559205  1.979348  3.583475
30002  1.539037  6.912810  9.551220
30003  4.315891  1.385722  8.675697
30004  8.588894  3.506582  6.917917
[2.189844373587291, 10.524545590392217, 3.2240864139808822, 16.62883534196355, 5.86873707115274, 2.932417950699763, 19.49612895905756]
[30, 30, 30, 30, 30, 30, 30]
SyncStream-PCA (consecutive)
None
None



syncstream_pca_all (cons) took 0.12260103225708008 seconds
        attrib1   attrib2   attrib3
30000  5.891387  1.199645  9.172945
30001  0.559205  1.979348  3.583475
30002  1.539037  6.912810  9.551220
30003  4.315891  1.385722  8.675697
30004  8.588894  3.506582  6.917917
[0.7505614794083887, 0.4531243936940397, 4.4365892928178425, 10.150763231244465, 3.648044797977284, 1.194572865139283, 0.4246982660065133]
[2.5758293035489004, 2.5758293035489004, 2.5758293035489004, 2.5758293035489004, 2.5758293035489004, 2.5758293035489004, 2.5758293035489004]
SyncStream-Stat (consecutive)
None
None



syncstream_stat_all (cons) took 0.6712570190429688 seconds

 synthetic_data/gradual_drift/sea_1_gradual_drift_0_noise_balanced_10.arff encoder: None
PCA_ref: [] (0.0, 1.0) Stat_ref: [3, 4, 5, 6, 7] (0.0, 0.0) SCD_unidir: [3, 4, 5, 6, 7] (0.0, 0.0)
PCA_orig: [] (0.0, 1.0) Stat_orig: [3, 4, 5] (0.0, 0.0) 

          0         1         2
0  0.589172  0.119963  0.917328
1  0.055914  0.197935  0.358353
2  0.153904  0.691294  0.955158
3  0.431610  0.138571  0.867601
4  0.858942  0.350663  0.691814
[2.18875430406051, 8.338073978678516, 5.513762891397165, 12.282657215995611, 8.688187527415542, 6.48698254218869, 25.914925668389824]
[30, 30, 30, 30, 30, 30, 30]
SyncStream-PCA (fixed reference)
None
None



syncstream_pca_all took 0.12613606452941895 seconds
          0         1         2
0  0.589172  0.119963  0.917328
1  0.055914  0.197935  0.358353
2  0.153904  0.691294  0.955158
3  0.431610  0.138571  0.867601
4  0.858942  0.350663  0.691814
[0.7505614794083887, 1.315806831645292, 4.099129513365401, 16.605966511297723, 21.05257892651867, 19.72328946970026, 20.187235678082825]
[2.5758293035489004, 2.5758293035489004, 2.5758293035489004, 2.5758293035489004, 2.5758293035489004, 2.5758293035489004, 2.5758293035489004]
SyncStream-Stat (fixed reference)
None
None



syncstream_stat_all took 1.1228609085083008 seconds
          0         1         2
0  0.589172  0.119963  0.917328
1  0.055914  0.197935  0.358353
2  0.153904  0.691294  0.955158
3  0.431610  0.138571  0.867601
4  0.858942  0.350663  0.691814
[-2.239717183034145, 44.95216140650018, -295.6643107728813, -1354.1891650169423, -1539.7559296387317, -1523.8786316758692, -1575.593382004386]
[-202.22117418095223, -202.22117418095223, -202.22117418095223, -202.22117418095223, -202.22117418095223, -202.22117418095223, -202.22117418095223]
SCD (unidirectional)
None
None



scd_all took 335.81595492362976 seconds
          0         1         2
0  0.589172  0.119963  0.917328
1  0.055914  0.197935  0.358353
2  0.153904  0.691294  0.955158
3  0.431610  0.138571  0.867601
4  0.858942  0.350663  0.691814
[2.1887543040596773, 10.524706379442476, 3.2253839244355427, 16.621712451565635, 5.866847264653739, 2.910969515203299, 19.487571683260278]
[30, 30, 30, 30, 30, 30, 30]
SyncStream-PCA (consecutive)
None
None



syncstream_pca_all (cons) took 0.29262280464172363 seconds
          0         1         2
0  0.589172  0.119963  0.917328
1  0.055914  0.197935  0.358353
2  0.153904  0.691294  0.955158
3  0.431610  0.138571  0.867601
4  0.858942  0.350663  0.691814
[0.7505614794083887, 0.4531243936940397, 4.4365892928178425, 10.150763231244465, 3.648044797977284, 1.194572865139283, 0.4246982660065133]
[2.5758293035489004, 2.5758293035489004, 2.5758293035489004, 2.5758293035489004, 2.5758293035489004, 2.5758293035489004, 2.5758293035489004]
SyncStream-Stat (consecutive)
None
None



syncstream_stat_all (cons) took 0.694688081741333 seconds

 synthetic_data/gradual_drift/sea_1_gradual_drift_0_noise_balanced_10.arff encoder: None
PCA_ref: [] (0.0, 1.0) Stat_ref: [3, 4, 5, 6, 7] (0.0, 0.0) SCD_unidir: [3, 4, 5, 6, 7] (0.0, 0.0)
PCA_orig: [] (0.0, 1.0) Stat_orig: [3, 4, 5] (0.0, 0.0) 

        attrib1   attrib2   attrib3
30000  8.177672  5.901319  6.910006
30001  2.870127  2.417469  3.012608
30002  9.272350  7.206476  0.097194
30003  3.136536  3.789717  4.852476
30004  0.822596  9.993252  6.169456
[1.8278551615194465, 8.646354043792813, 4.842797900611189, 3.082160198110302, 6.904817352750483, 9.821450498724563, 8.684895570388665]
[30, 30, 30, 30, 30, 30, 30]
SyncStream-PCA (fixed reference)
None
None



syncstream_pca_all took 0.11696195602416992 seconds
        attrib1   attrib2   attrib3
30000  8.177672  5.901319  6.910006
30001  2.870127  2.417469  3.012608
30002  9.272350  7.206476  0.097194
30003  3.136536  3.789717  4.852476
30004  0.822596  9.993252  6.169456
[0.6867759860167155, 1.2596704941208112, 3.4651406703321195, 10.505893088710192, 17.554871755936315, 20.21683913079223, 19.835679873583047]
[2.5758293035489004, 2.5758293035489004, 2.5758293035489004, 2.5758293035489004, 2.5758293035489004, 2.5758293035489004, 2.5758293035489004]
SyncStream-Stat (fixed reference)
None
None



syncstream_stat_all took 1.1249542236328125 seconds
        attrib1   attrib2   attrib3
30000  8.177672  5.901319  6.910006
30001  2.870127  2.417469  3.012608
30002  9.272350  7.206476  0.097194
30003  3.136536  3.789717  4.852476
30004  0.822596  9.993252  6.169456
[-8.903975095701753, 25.903974233035115, -240.32610571455734, -798.5185098497459, -1376.6175508286397, -1494.0268470038282, -1557.654263242075]
[-202.53858786466557, -202.53858786466557, -202.53858786466557, -202.53858786466557, -202.53858786466557, -202.53858786466557, -202.53858786466557]
SCD (unidirectional)
None
None



scd_all took 326.01444816589355 seconds
        attrib1   attrib2   attrib3
30000  8.177672  5.901319  6.910006
30001  2.870127  2.417469  3.012608
30002  9.272350  7.206476  0.097194
30003  3.136536  3.789717  4.852476
30004  0.822596  9.993252  6.169456
[1.82785516151825, 10.463826675925032, 4.359014486381117, 1.7765890235602557, 9.978642776419541, 6.841346501796516, 2.1372867653315026]
[30, 30, 30, 30, 30, 30, 30]
SyncStream-PCA (consecutive)
None
None



syncstream_pca_all (cons) took 0.1198430061340332 seconds
        attrib1   attrib2   attrib3
30000  8.177672  5.901319  6.910006
30001  2.870127  2.417469  3.012608
30002  9.272350  7.206476  0.097194
30003  3.136536  3.789717  4.852476
30004  0.822596  9.993252  6.169456
[0.6867759860167155, 0.46089375356123385, 3.8719824197309225, 5.73354858225494, 5.74068305292631, 2.131947700266472, 0.3470951652871059]
[2.5758293035489004, 2.5758293035489004, 2.5758293035489004, 2.5758293035489004, 2.5758293035489004, 2.5758293035489004, 2.5758293035489004]
SyncStream-Stat (consecutive)
None
None



syncstream_stat_all (cons) took 0.695929765701294 seconds

 synthetic_data/gradual_drift/sea_1_gradual_drift_0_noise_balanced_20.arff encoder: None
PCA_ref: [] (0.0, 1.0) Stat_ref: [3, 4, 5, 6, 7] (0.0, 0.0) SCD_unidir: [3, 4, 5, 6, 7] (0.0, 0.0)
PCA_orig: [] (0.0, 1.0) Stat_orig: [3, 4, 5] (0.0, 0.0) 

          0         1         2
0  0.817817  0.590143  0.691023
1  0.287023  0.241749  0.301264
2  0.927293  0.720662  0.009708
3  0.313666  0.378977  0.485260
4  0.082255  0.999347  0.616964
[1.826792055642184, 8.64730625229543, 4.8427743998292865, 3.085902536548992, 6.883847218967488, 9.807100883111492, 8.694891771995662]
[30, 30, 30, 30, 30, 30, 30]
SyncStream-PCA (fixed reference)
None
None



syncstream_pca_all took 0.12703990936279297 seconds
          0         1         2
0  0.817817  0.590143  0.691023
1  0.287023  0.241749  0.301264
2  0.927293  0.720662  0.009708
3  0.313666  0.378977  0.485260
4  0.082255  0.999347  0.616964
[0.6867759860167155, 1.2596704941208112, 3.4651406703321195, 10.505893088710192, 17.554871755936315, 20.21683913079223, 19.835679873583047]
[2.5758293035489004, 2.5758293035489004, 2.5758293035489004, 2.5758293035489004, 2.5758293035489004, 2.5758293035489004, 2.5758293035489004]
SyncStream-Stat (fixed reference)
None
None



syncstream_stat_all took 1.1803772449493408 seconds
          0         1         2
0  0.817817  0.590143  0.691023
1  0.287023  0.241749  0.301264
2  0.927293  0.720662  0.009708
3  0.313666  0.378977  0.485260
4  0.082255  0.999347  0.616964
[-28.483862646215925, -0.9983601636723733, -254.44923009082197, -812.618228180991, -1393.553524376735, -1499.3308558118256, -1559.4734929556535]
[-201.63437700912615, -201.63437700912615, -201.63437700912615, -201.63437700912615, -201.63437700912615, -201.63437700912615, -201.63437700912615]
SCD (unidirectional)
None
None



scd_all took 325.805095911026 seconds
          0         1         2
0  0.817817  0.590143  0.691023
1  0.287023  0.241749  0.301264
2  0.927293  0.720662  0.009708
3  0.313666  0.378977  0.485260
4  0.082255  0.999347  0.616964
[1.8267920556413857, 10.463706749583451, 4.359973562892449, 1.7737531806671103, 9.960223101211717, 6.825048142749046, 2.1214529136816513]
[30, 30, 30, 30, 30, 30, 30]
SyncStream-PCA (consecutive)
None
None



syncstream_pca_all (cons) took 0.12850308418273926 seconds
          0         1         2
0  0.817817  0.590143  0.691023
1  0.287023  0.241749  0.301264
2  0.927293  0.720662  0.009708
3  0.313666  0.378977  0.485260
4  0.082255  0.999347  0.616964
[0.6867759860167155, 0.46089375356123385, 3.8719824197309225, 5.73354858225494, 5.74068305292631, 2.131947700266472, 0.3470951652871059]
[2.5758293035489004, 2.5758293035489004, 2.5758293035489004, 2.5758293035489004, 2.5758293035489004, 2.5758293035489004, 2.5758293035489004]
SyncStream-Stat (consecutive)
None
None



syncstream_stat_all (cons) took 0.6885292530059814 seconds

 synthetic_data/gradual_drift/sea_1_gradual_drift_0_noise_balanced_20.arff encoder: None
PCA_ref: [] (0.0, 1.0) Stat_ref: [3, 4, 5, 6, 7] (0.0, 0.0) SCD_unidir: [3, 4, 5, 6, 7] (0.0, 0.0)
PCA_orig: [] (0.0, 1.0) Stat_orig: [3, 4, 5] (0.0, 0.0) 
