Spam SCD all PCA 100

       aa  aba  abandon  abb  abbey  abbrevi  abdomin  abduct  aberr  abid  \
0     0.0  0.0      0.0  0.0    0.0      0.0      0.0     0.0    0.0   0.0   
1     0.0  0.0      0.0  0.0    0.0      0.0      0.0     0.0    0.0   0.0   
2     0.0  0.0      0.0  0.0    0.0      0.0      0.0     0.0    0.0   0.0   
3     0.0  0.0      0.0  0.0    0.0      0.0      0.0     0.0    0.0   0.0   
4     0.0  0.0      0.0  0.0    0.0      0.0      0.0     0.0    0.0   0.0   
...   ...  ...      ...  ...    ...      ...      ...     ...    ...   ...   
1463  0.0  0.0      0.0  0.0    0.0      0.0      0.0     0.0    0.0   0.0   
1464  0.0  0.0      0.0  0.0    0.0      0.0      0.0     0.0    0.0   0.0   
1465  0.0  0.0      0.0  0.0    0.0      0.0      0.0     0.0    0.0   0.0   
1466  0.0  0.0      0.0  0.0    0.0      0.0      0.0     0.0    0.0   0.0   
1467  0.0  0.0      0.0  0.0    0.0      0.0      0.0     0.0    0.0   0.0   

      ...  zest  zig  zimbabw  zinc  zip  zodiac  zone  zoo  zoom  zowi  
0     ...   0.0  0.0      0.0   0.0  0.0     0.0   0.0  0.0   0.0   0.0  
1     ...   0.0  0.0      0.0   0.0  0.0     0.0   0.0  0.0   0.0   0.0  
2     ...   0.0  0.0      0.0   0.0  0.0     0.0   0.0  0.0   0.0   0.0  
3     ...   0.0  0.0      0.0   0.0  0.0     0.0   0.0  0.0   0.0   0.0  
4     ...   0.0  0.0      0.0   0.0  0.0     0.0   0.0  0.0   0.0   0.0  
...   ...   ...  ...      ...   ...  ...     ...   ...  ...   ...   ...  
1463  ...   0.0  0.0      0.0   0.0  0.0     0.0   0.0  0.0   0.0   0.0  
1464  ...   0.0  0.0      0.0   0.0  0.0     0.0   0.0  0.0   0.0   0.0  
1465  ...   0.0  0.0      0.0   0.0  0.0     0.0   0.0  0.0   0.0   0.0  
1466  ...   0.0  0.0      0.0   0.0  0.0     0.0   0.0  0.0   0.0   0.0  
1467  ...   0.0  0.0      0.0   0.0  0.0     0.0   0.0  0.0   0.0   0.0  

[1468 rows x 10727 columns]
1276
batches: 30
         0         1         2         3         4         5         6   \
0  0.031005 -0.124261 -0.040419 -0.026933 -0.028210 -0.054228  0.027089   
1  0.096894 -0.049953  0.096654 -0.039257  0.049775 -0.045326 -0.061064   
2  0.047039  0.048506  0.100799 -0.059969  0.030077  0.002772 -0.077739   
3  0.127869  0.196405 -0.035294  0.033341 -0.042967 -0.020496  0.004073   
4 -0.095758  0.058175  0.049683  0.019405  0.010130  0.015595 -0.030780   

         7         8         9   ...        90        91        92        93  \
0  0.003369 -0.004250  0.000333  ... -0.098382  0.079350  0.050817  0.013109   
1 -0.043055  0.075104 -0.029035  ...  0.004785 -0.015608  0.022481  0.038934   
2 -0.039738 -0.005619 -0.035416  ... -0.047043 -0.013018 -0.039195  0.021389   
3 -0.060289 -0.120848  0.032395  ...  0.007522 -0.038530  0.020256 -0.007119   
4  0.003165  0.042337  0.034510  ...  0.010254 -0.021095  0.006366  0.014256   

         94        95        96        97        98        99  
0 -0.101433  0.065894  0.022452 -0.154347  0.070936 -0.020715  
1 -0.032382  0.023567 -0.001325 -0.004392  0.021019 -0.012811  
2  0.016775 -0.047872 -0.008828 -0.005703  0.032171  0.019497  
3 -0.012752  0.005265  0.045613  0.010696 -0.025539 -0.014957  
4  0.004169  0.013592 -0.000511 -0.001914 -0.008739  0.038145  

[5 rows x 100 columns]
t 0 mean: 4175.15987 std: 0.0 diff_std: inf time: 0.2972431182861328
t 1 mean: 7228.13665 std: 3052.97678 diff_std: inf time: 0.5777709484100342
t 2 mean: 6971.32668 std: 2519.06349 diff_std: 0.17488 time: 0.8649461269378662
t 3 mean: 6379.46527 std: 2410.42744 diff_std: 0.04313 time: 1.1535999774932861
t 4 mean: 6821.94876 std: 2330.51387 diff_std: 0.03315 time: 1.4326300621032715
t 5 mean: 6837.60328 std: 2127.74632 diff_std: 0.08701 time: 1.7290091514587402
t 6 mean: 6426.7085 std: 2212.13783 diff_std: 0.03966 time: 2.0282909870147705
t 7 mean: 6010.24459 std: 2344.3453 diff_std: 0.05976 time: 2.3190252780914307
t 8 mean: 5857.97106 std: 2251.8417 diff_std: 0.03946 time: 2.6117570400238037
t 9 mean: 5812.46884 std: 2140.64149 diff_std: 0.04938 time: 2.910290241241455
t 10 mean: 5670.47757 std: 2089.82878 diff_std: 0.02374 time: 3.2160120010375977
t 11 mean: 5664.50311 std: 2000.95683 diff_std: 0.04253 time: 3.5260422229766846
t 12 mean: 5532.67098 std: 1975.95496 diff_std: 0.01249 time: 3.8210461139678955
t 13 mean: 5575.70502 std: 1910.38935 diff_std: 0.03318 time: 4.1168131828308105
t 14 mean: 5428.71176 std: 1925.81928 diff_std: 0.00808 time: 4.413754224777222
t 15 mean: 5430.10562 std: 1864.67432 diff_std: 0.03175 time: 4.71353006362915
t 16 mean: 5467.16702 std: 1815.06393 diff_std: 0.02661 time: 5.011564016342163
t 17 mean: 5415.16831 std: 1776.90669 diff_std: 0.02102 time: 5.311111927032471
t 18 mean: 5402.62806 std: 1730.33211 diff_std: 0.02621 time: 5.606051206588745
t 19 mean: 5311.39265 std: 1732.77259 diff_std: 0.00141 time: 5.918130159378052
t 20 mean: 5311.4315 std: 1691.01291 diff_std: 0.0241 time: 6.252500057220459
t 21 mean: 5291.30316 std: 1654.70675 diff_std: 0.02147 time: 6.617228984832764
t 22 mean: 5352.28267 std: 1643.41582 diff_std: 0.00682 time: 6.990329027175903
t 23 mean: 5383.28191 std: 1615.66813 diff_std: 0.01688 time: 7.3522539138793945
t 24 mean: 5330.02571 std: 1604.38073 diff_std: 0.00699 time: 7.697574138641357
t 25 mean: 5298.64852 std: 1581.02792 diff_std: 0.01456 time: 8.035057067871094
t 26 mean: 5235.6838 std: 1584.3447 diff_std: 0.0021 time: 8.373762130737305
t 27 mean: 5184.5711 std: 1578.30216 diff_std: 0.00381 time: 8.721168041229248
t 28 mean: 5258.70735 std: 1599.69778 diff_std: 0.01356 time: 9.031675100326538
t 29 mean: 5309.82609 std: 1596.7193 diff_std: 0.00186 time: 9.333108901977539
[1860.2983400680405, 862.5607983598693, 1756.70791616749, 1784.3507044086818, 1636.744097263303, 1795.7610407610646, 1796.6115454031114, 1875.3680570169981, 1515.6327757533672, 1968.1604103307236, 1962.4190802439462, 952.3333622033806, 1977.2441144292297, 1731.7845420565554, 1857.504933853581, 2128.13399521091, 1670.0291818723545, 1437.0507514340843, 1209.9774572884617, 1733.0834840898879, 1973.039433186097, 2224.0134922896304, 2211.4121043590403, 2317.8528150438633, 2011.8998073762104, 2174.47308536132, 2219.792660107245, 2156.64973410727, 2101.278934296499, 279.9730580028354]
[-2627.4599676718994, -2627.4599676718994, -2627.4599676718994, -2627.4599676718994, -2627.4599676718994, -2627.4599676718994, -2627.4599676718994, -2627.4599676718994, -2627.4599676718994, -2627.4599676718994, -2627.4599676718994, -2627.4599676718994, -2627.4599676718994, -2627.4599676718994, -2627.4599676718994, -2627.4599676718994, -2627.4599676718994, -2627.4599676718994, -2627.4599676718994, -2627.4599676718994, -2627.4599676718994, -2627.4599676718994, -2627.4599676718994, -2627.4599676718994, -2627.4599676718994, -2627.4599676718994, -2627.4599676718994, -2627.4599676718994, -2627.4599676718994, -1536.6718426950074]
SCD (unidirectional)
None
None



scd_all took 18.633944034576416 seconds

 real_world_data/spam_dataset.csv 100 encoder: None
SCD_unidir: [] (0.0, 0.0)


         0         1         2         3         4         5         6   \
0  0.380510  0.239615  0.406970  0.418500  0.354805  0.275148  0.315581   
1  0.461907  0.319943  0.584065  0.406182  0.430368  0.285752  0.215327   
2  0.400319  0.426378  0.589421  0.385479  0.411282  0.343048  0.196363   
3  0.500173  0.586258  0.413592  0.478748  0.340507  0.315330  0.289405   
4  0.223912  0.436830  0.523381  0.464819  0.391955  0.358322  0.249769   

         7         8         9   ...        90        91        92        93  \
0  0.294134  0.445684  0.470946  ...  0.176855  0.695849  0.563989  0.449804   
1  0.234767  0.555913  0.422260  ...  0.469653  0.379486  0.490898  0.518474   
2  0.239009  0.443783  0.411683  ...  0.322560  0.388114  0.331809  0.471820   
3  0.212728  0.283722  0.524100  ...  0.477422  0.303117  0.485158  0.396015   
4  0.293873  0.510398  0.527605  ...  0.485174  0.361205  0.449332  0.452853   

         94        95        96        97        98        99  
0  0.158113  0.691503  0.495934  0.010454  0.678721  0.425729  
1  0.378049  0.560837  0.423884  0.455578  0.517365  0.446778  
2  0.534622  0.340304  0.401149  0.451686  0.553412  0.532822  
3  0.440575  0.504340  0.566114  0.500364  0.366865  0.441064  
4  0.494468  0.530045  0.426350  0.462934  0.421172  0.582488  

[5 rows x 100 columns]
t 0 mean: 713.39753 std: 0.0 diff_std: inf time: 0.30275893211364746
t 1 mean: 733.20478 std: 19.80725 diff_std: inf time: 0.597538948059082
t 2 mean: 727.78502 std: 17.8969 diff_std: 0.09645 time: 0.8890540599822998
t 3 mean: 758.65327 std: 55.6666 diff_std: 2.1104 time: 1.1863970756530762
t 4 mean: 751.81503 std: 51.63393 diff_std: 0.07244 time: 1.5031299591064453
t 5 mean: 745.68224 std: 49.08945 diff_std: 0.04928 time: 1.822657823562622
t 6 mean: 752.23822 std: 48.20172 diff_std: 0.01808 time: 2.1220550537109375
t 7 mean: 755.79066 std: 46.05777 diff_std: 0.04448 time: 2.4441750049591064
t 8 mean: 746.874 std: 50.21624 diff_std: 0.09029 time: 2.749156951904297
t 9 mean: 742.68433 std: 49.2695 diff_std: 0.01885 time: 3.0801610946655273
t 10 mean: 740.54692 std: 47.46039 diff_std: 0.03672 time: 3.389484167098999
t 11 mean: 747.49502 std: 50.94918 diff_std: 0.07351 time: 3.7151989936828613
t 12 mean: 744.23402 std: 50.23694 diff_std: 0.01398 time: 4.04637598991394
t 13 mean: 744.20073 std: 48.40967 diff_std: 0.03637 time: 4.367782115936279
t 14 mean: 751.81899 std: 54.77037 diff_std: 0.13139 time: 4.702214956283569
t 15 mean: 743.2575 std: 62.54431 diff_std: 0.14194 time: 5.0430381298065186
t 16 mean: 741.54753 std: 61.0612 diff_std: 0.02371 time: 5.37037992477417
t 17 mean: 740.62545 std: 59.46248 diff_std: 0.02618 time: 5.716398000717163
t 18 mean: 734.01904 std: 64.30628 diff_std: 0.08146 time: 6.105514049530029
t 19 mean: 730.94219 std: 64.09684 diff_std: 0.00326 time: 6.474096059799194
t 20 mean: 730.84821 std: 62.55352 diff_std: 0.02408 time: 6.831289052963257
t 21 mean: 736.11364 std: 65.70618 diff_std: 0.0504 time: 7.1677021980285645
t 22 mean: 737.24153 std: 64.4793 diff_std: 0.01867 time: 7.496408939361572
t 23 mean: 733.46126 std: 65.67365 diff_std: 0.01852 time: 7.844138145446777
t 24 mean: 730.49434 std: 65.96795 diff_std: 0.00448 time: 8.197643041610718
t 25 mean: 736.68229 std: 71.70539 diff_std: 0.08697 time: 8.52394986152649
t 26 mean: 733.14397 std: 72.6412 diff_std: 0.01305 time: 8.860839128494263
t 27 mean: 729.05117 std: 74.43498 diff_std: 0.02469 time: 9.19699215888977
t 28 mean: 728.54923 std: 73.18857 diff_std: 0.01674 time: 9.547472953796387
t 29 mean: 731.8162 std: 74.0779 diff_std: 0.01215 time: 9.891012907028198
t 30 mean: 731.25594 std: 72.93788 diff_std: 0.01539 time: 10.228035926818848
t 31 mean: 729.85181 std: 72.2136 diff_std: 0.00993 time: 10.600048065185547
[1096.3186726002987, 879.0485505185152, 1038.0980749466344, 1105.9651872874347, 904.1013929603632, 1104.5985747151226, 1233.0873227349603, 1235.3370507234613, 1147.5404027800123, 1397.5643339875514, 1396.8567780540689, 1565.3512824388508, 1420.4164781677646, 1260.8765511817764, 1251.4310680824492, 1555.7667014607541, 1037.4229139254276, 1307.3825939347425, 1484.3016569142019, 1204.1942666360283, 1235.1875484073335, 1557.4200011282664, 1551.1175222310794, 1698.3140900939725, 1354.01309546041, 1601.109304386413, 1581.0579515693116, 1522.8415834261814, 1448.2922114465946, 489.04834219607847]
[-895.1190402799069, -895.1190402799069, -895.1190402799069, -895.1190402799069, -895.1190402799069, -895.1190402799069, -895.1190402799069, -895.1190402799069, -895.1190402799069, -895.1190402799069, -895.1190402799069, -895.1190402799069, -895.1190402799069, -895.1190402799069, -895.1190402799069, -895.1190402799069, -895.1190402799069, -895.1190402799069, -895.1190402799069, -895.1190402799069, -895.1190402799069, -895.1190402799069, -895.1190402799069, -895.1190402799069, -895.1190402799069, -895.1190402799069, -895.1190402799069, -895.1190402799069, -895.1190402799069, -523.5110113883476]
SCD (unidirectional)
None
None



scd_all took 22.66605305671692 seconds

 real_world_data/spam_dataset.csv 100 encoder: None
SCD_unidir: [] (0.0, 0.0)


       aa  aba  abandon  abb  abbey  abbrevi  abdomin  abduct  aberr  abid  \
0     0.0  0.0      0.0  0.0    0.0      0.0      0.0     0.0    0.0   0.0   
1     0.0  0.0      0.0  0.0    0.0      0.0      0.0     0.0    0.0   0.0   
2     0.0  0.0      0.0  0.0    0.0      0.0      0.0     0.0    0.0   0.0   
3     0.0  0.0      0.0  0.0    0.0      0.0      0.0     0.0    0.0   0.0   
4     0.0  0.0      0.0  0.0    0.0      0.0      0.0     0.0    0.0   0.0   
...   ...  ...      ...  ...    ...      ...      ...     ...    ...   ...   
1463  0.0  0.0      0.0  0.0    0.0      0.0      0.0     0.0    0.0   0.0   
1464  0.0  0.0      0.0  0.0    0.0      0.0      0.0     0.0    0.0   0.0   
1465  0.0  0.0      0.0  0.0    0.0      0.0      0.0     0.0    0.0   0.0   
1466  0.0  0.0      0.0  0.0    0.0      0.0      0.0     0.0    0.0   0.0   
1467  0.0  0.0      0.0  0.0    0.0      0.0      0.0     0.0    0.0   0.0   

      ...  zest  zig  zimbabw  zinc  zip  zodiac  zone  zoo  zoom  zowi  
0     ...   0.0  0.0      0.0   0.0  0.0     0.0   0.0  0.0   0.0   0.0  
1     ...   0.0  0.0      0.0   0.0  0.0     0.0   0.0  0.0   0.0   0.0  
2     ...   0.0  0.0      0.0   0.0  0.0     0.0   0.0  0.0   0.0   0.0  
3     ...   0.0  0.0      0.0   0.0  0.0     0.0   0.0  0.0   0.0   0.0  
4     ...   0.0  0.0      0.0   0.0  0.0     0.0   0.0  0.0   0.0   0.0  
...   ...   ...  ...      ...   ...  ...     ...   ...  ...   ...   ...  
1463  ...   0.0  0.0      0.0   0.0  0.0     0.0   0.0  0.0   0.0   0.0  
1464  ...   0.0  0.0      0.0   0.0  0.0     0.0   0.0  0.0   0.0   0.0  
1465  ...   0.0  0.0      0.0   0.0  0.0     0.0   0.0  0.0   0.0   0.0  
1466  ...   0.0  0.0      0.0   0.0  0.0     0.0   0.0  0.0   0.0   0.0  
1467  ...   0.0  0.0      0.0   0.0  0.0     0.0   0.0  0.0   0.0   0.0  

[1468 rows x 10727 columns]
1276
batches: 59
         0         1         2         3         4         5         6   \
0  0.031005 -0.124261 -0.040419 -0.026933 -0.028210 -0.054228  0.027089   
1  0.096894 -0.049953  0.096654 -0.039257  0.049775 -0.045326 -0.061063   
2  0.047039  0.048506  0.100799 -0.059969  0.030078  0.002773 -0.077740   
3  0.127869  0.196405 -0.035294  0.033340 -0.042967 -0.020495  0.004072   
4 -0.095758  0.058175  0.049683  0.019405  0.010130  0.015595 -0.030780   

         7         8         9   ...        90        91        92        93  \
0  0.003370 -0.004248  0.000332  ... -0.016498  0.088824 -0.040027  0.052175   
1 -0.043053  0.075104 -0.029037  ... -0.003661  0.000386 -0.024699 -0.013931   
2 -0.039738 -0.005617 -0.035416  ... -0.023974  0.040111  0.043751  0.029617   
3 -0.060289 -0.120846  0.032400  ...  0.022223  0.006461  0.026311  0.007255   
4  0.003166  0.042338  0.034509  ... -0.035294  0.016542  0.008453 -0.030967   

         94        95        96        97        98        99  
0 -0.151624  0.013305  0.009414 -0.109387 -0.073802  0.034242  
1 -0.049068  0.010031 -0.012116 -0.039525  0.034865  0.004619  
2  0.002748  0.015031  0.035203 -0.010881  0.021136  0.042487  
3 -0.001722  0.021345  0.021530  0.037404  0.005651 -0.002198  
4  0.031938 -0.011399 -0.011559  0.003883 -0.010189 -0.025069  

[5 rows x 100 columns]
t 0 mean: 382.65553 std: 0.0 diff_std: inf time: 0.3168468475341797
t 1 mean: 387.39448 std: 4.73895 diff_std: inf time: 0.634638786315918
t 2 mean: 384.3779 std: 5.75946 diff_std: 0.21534 time: 0.9500339031219482
t 3 mean: 376.48319 std: 14.55533 diff_std: 1.5272 time: 1.2832138538360596
t 4 mean: 369.19944 std: 19.53711 diff_std: 0.34226 time: 1.6164398193359375
t 5 mean: 365.56789 std: 19.5965 diff_std: 0.00304 time: 1.9962618350982666
t 6 mean: 369.77045 std: 20.8598 diff_std: 0.06447 time: 2.35680890083313
t 7 mean: 372.51083 std: 20.81604 diff_std: 0.0021 time: 2.701112747192383
t 8 mean: 369.94872 std: 20.92074 diff_std: 0.00503 time: 3.0524370670318604
t 9 mean: 368.71587 std: 20.18883 diff_std: 0.03498 time: 3.402034044265747
t 10 mean: 373.41264 std: 24.31319 diff_std: 0.20429 time: 3.7055728435516357
t 11 mean: 374.0971 std: 23.38853 diff_std: 0.03803 time: 4.011913061141968
t 12 mean: 376.52914 std: 23.99838 diff_std: 0.02607 time: 4.312633991241455
t 13 mean: 376.99857 std: 23.18728 diff_std: 0.0338 time: 4.611849069595337
t 14 mean: 376.05452 std: 22.67782 diff_std: 0.02197 time: 4.918359756469727
t 15 mean: 377.77607 std: 22.9477 diff_std: 0.0119 time: 5.213642120361328
t 16 mean: 379.03524 std: 22.82518 diff_std: 0.00534 time: 5.515673875808716
t 17 mean: 377.56681 std: 22.99351 diff_std: 0.00738 time: 5.854594945907593
t 18 mean: 376.47614 std: 22.85361 diff_std: 0.00608 time: 6.152312755584717
t 19 mean: 377.02234 std: 22.40181 diff_std: 0.01977 time: 6.450736999511719
t 20 mean: 377.9672 std: 22.26655 diff_std: 0.00604 time: 6.750385999679565
t 21 mean: 378.4526 std: 21.86803 diff_std: 0.0179 time: 7.054434776306152
t 22 mean: 378.44068 std: 21.38743 diff_std: 0.02198 time: 7.35602593421936
t 23 mean: 379.39663 std: 21.43318 diff_std: 0.00214 time: 7.662742853164673
t 24 mean: 378.07628 std: 21.97376 diff_std: 0.02522 time: 7.967029809951782
t 25 mean: 379.51271 std: 22.7125 diff_std: 0.03362 time: 8.2669677734375
t 26 mean: 380.59547 std: 22.96157 diff_std: 0.01097 time: 8.564976930618286
t 27 mean: 381.54896 std: 23.08572 diff_std: 0.00541 time: 8.865368843078613
t 28 mean: 382.26122 std: 22.99517 diff_std: 0.00392 time: 9.1840238571167
t 29 mean: 382.42618 std: 22.62611 diff_std: 0.01605 time: 9.498894929885864
t 30 mean: 382.62233 std: 22.2841 diff_std: 0.01512 time: 9.807168006896973
t 31 mean: 381.99649 std: 22.20822 diff_std: 0.00341 time: 10.110711812973022
[441.13543843128537, 337.11136082910525, 344.93072374861003, 241.01468034425125, 375.43661697314565, 445.7168004980522, 457.7367410099014, 440.1020255578369, 271.535888845272, 354.82093276503656, 313.42883587699725, 469.31226283693104, 371.0443026535504, 477.0112791855936, 533.1521815482411, 411.9033239765449, 213.51597099847095, 313.7742239410054, 568.8681930894872, 508.04660971250087, 568.8514805294108, 422.0555325285677, 535.0859793474228, 630.7989746730309, 502.0852534219903, 492.93379858847766, 429.77443625783235, 477.95850057724965, 442.9918282655108, 487.16522632829583, 611.1034457137812, 510.97770779962775, 353.41842712828657, 334.99801563918663, 427.663294682372, 531.285020610343, 673.5925858059982, 488.1244031134029, 310.91654572953667, 494.24671328775366, 531.8722240480092, 497.26229605206754, 574.3749035362671, 647.0739696704222, 622.8500130924367, 593.497885869765, 561.2252272020196, 789.604166962079, 484.1675048952602, 533.9943775830834, 689.9276774629216, 519.4995429530245, 640.3070917435216, 591.980874881132, 570.5391116406063, 610.3776454633535, 516.3758118071164, 583.5785218104756, 341.13190623792434]
[-425.2434788004337, -425.2434788004337, -425.2434788004337, -425.2434788004337, -425.2434788004337, -425.2434788004337, -425.2434788004337, -425.2434788004337, -425.2434788004337, -425.2434788004337, -425.2434788004337, -425.2434788004337, -425.2434788004337, -425.2434788004337, -425.2434788004337, -425.2434788004337, -425.2434788004337, -425.2434788004337, -425.2434788004337, -425.2434788004337, -425.2434788004337, -425.2434788004337, -425.2434788004337, -425.2434788004337, -425.2434788004337, -425.2434788004337, -425.2434788004337, -425.2434788004337, -425.2434788004337, -425.2434788004337, -425.2434788004337, -425.2434788004337, -425.2434788004337, -425.2434788004337, -425.2434788004337, -425.2434788004337, -425.2434788004337, -425.2434788004337, -425.2434788004337, -425.2434788004337, -425.2434788004337, -425.2434788004337, -425.2434788004337, -425.2434788004337, -425.2434788004337, -425.2434788004337, -425.2434788004337, -425.2434788004337, -425.2434788004337, -425.2434788004337, -425.2434788004337, -425.2434788004337, -425.2434788004337, -425.2434788004337, -425.2434788004337, -425.2434788004337, -425.2434788004337, -425.2434788004337, -362.7627453110003]
SCD (unidirectional)
None
None



scd_all took 27.571812868118286 seconds

 real_world_data/spam_dataset.csv 50 encoder: None
SCD_unidir: [] (0.0, 0.0)


         0         1         2         3         4         5         6   \
0  0.380510  0.239615  0.406970  0.418501  0.354805  0.275148  0.315581   
1  0.461907  0.319943  0.584065  0.406182  0.430368  0.285751  0.215328   
2  0.400319  0.426378  0.589421  0.385479  0.411283  0.343048  0.196362   
3  0.500173  0.586258  0.413592  0.478748  0.340507  0.315330  0.289405   
4  0.223912  0.436830  0.523381  0.464819  0.391955  0.358322  0.249768   

         7         8         9   ...        90        91        92        93  \
0  0.294133  0.445686  0.470943  ...  0.429590  0.654115  0.333385  0.538920   
1  0.234769  0.555912  0.422256  ...  0.466613  0.460643  0.380032  0.374099   
2  0.239008  0.443785  0.411680  ...  0.408032  0.547548  0.588346  0.482676   
3  0.212728  0.283725  0.524106  ...  0.541260  0.473933  0.535269  0.426922   
4  0.293872  0.510399  0.527601  ...  0.375384  0.495988  0.480925  0.331625   

             94        95        96        97        98        99  
0 -2.775558e-16  0.542838  0.524806  0.114442  0.276785  0.520528  
1  3.092224e-01  0.531623  0.459033  0.332762  0.595536  0.430980  
2  4.654529e-01  0.548749  0.603585  0.422274  0.555264  0.545452  
3  4.519765e-01  0.570375  0.561818  0.573162  0.509843  0.410373  
4  5.534662e-01  0.458220  0.460735  0.468411  0.463378  0.341235  

[5 rows x 100 columns]
t 0 mean: 704.4729 std: 0.0 diff_std: inf time: 0.31789398193359375
t 1 mean: 663.20096 std: 41.27194 diff_std: inf time: 0.6138267517089844
t 2 mean: 677.67028 std: 39.42467 diff_std: 0.04476 time: 0.8974630832672119
t 3 mean: 662.88975 std: 42.67459 diff_std: 0.08243 time: 1.1936559677124023
t 4 mean: 642.04371 std: 56.52544 diff_std: 0.32457 time: 1.4856750965118408
t 5 mean: 624.73534 std: 64.50197 diff_std: 0.14111 time: 1.778433084487915
t 6 mean: 630.54374 std: 61.3887 diff_std: 0.04827 time: 2.078352928161621
t 7 mean: 621.76084 std: 61.94737 diff_std: 0.0091 time: 2.3971898555755615
t 8 mean: 618.08094 std: 59.32473 diff_std: 0.04234 time: 2.7128090858459473
t 9 mean: 626.26928 std: 61.40783 diff_std: 0.03511 time: 3.019991874694824
t 10 mean: 628.02264 std: 58.81201 diff_std: 0.04227 time: 3.3305611610412598
t 11 mean: 633.21847 std: 58.88615 diff_std: 0.00126 time: 3.650146007537842
t 12 mean: 637.05096 std: 58.1128 diff_std: 0.01313 time: 3.9944448471069336
t 13 mean: 633.32554 std: 57.58733 diff_std: 0.00904 time: 4.344852924346924
t 14 mean: 637.60113 std: 57.88905 diff_std: 0.00524 time: 4.685956001281738
t 15 mean: 633.34219 std: 58.42751 diff_std: 0.0093 time: 5.030587911605835
t 16 mean: 632.61758 std: 56.75707 diff_std: 0.02859 time: 5.386186122894287
t 17 mean: 626.87973 std: 60.01742 diff_std: 0.05744 time: 5.741633176803589
t 18 mean: 624.5539 std: 59.24422 diff_std: 0.01288 time: 6.086251974105835
t 19 mean: 626.80742 std: 58.57365 diff_std: 0.01132 time: 6.401194095611572
t 20 mean: 628.30861 std: 57.55492 diff_std: 0.01739 time: 6.710063934326172
t 21 mean: 629.9867 std: 56.75503 diff_std: 0.0139 time: 7.020741939544678
t 22 mean: 631.74328 std: 56.11565 diff_std: 0.01127 time: 7.3296918869018555
t 23 mean: 630.34877 std: 55.33974 diff_std: 0.01383 time: 7.623836994171143
t 24 mean: 629.72644 std: 54.30729 diff_std: 0.01866 time: 7.918812990188599
t 25 mean: 630.31002 std: 53.33257 diff_std: 0.01795 time: 8.198792934417725
t 26 mean: 631.86796 std: 52.93507 diff_std: 0.00745 time: 8.49144196510315
t 27 mean: 631.9876 std: 51.98493 diff_std: 0.01795 time: 8.79784893989563
t 28 mean: 629.46586 std: 52.79491 diff_std: 0.01558 time: 9.11525297164917
t 29 mean: 632.72984 std: 54.8028 diff_std: 0.03803 time: 9.410737037658691
t 30 mean: 630.69251 std: 55.05439 diff_std: 0.00459 time: 9.694560050964355
[596.0619622658478, 674.9975138373029, 452.0583803925865, 351.8261697369153, 626.8224608028058, 635.8467192479202, 570.8904022502866, 587.8780736701137, 484.6259890813435, 480.49895068785554, 478.4058981580383, 678.7575038231189, 548.0797172186558, 684.1168637417168, 586.169060644238, 681.1743777722395, 451.3365326133926, 419.5118193145072, 746.9600875546766, 475.0905561813406, 761.5400735842322, 587.1574008146099, 785.257551790698, 812.7800228361675, 662.1159145525708, 496.9160083026936, 672.5513690958169, 521.5398864163126, 578.3347322075151, 635.50534980467, 822.6436392071619, 723.2652017803084, 492.63537047711725, 543.1493075171538, 636.3770066813786, 630.1893157747872, 615.1398212642789, 579.4370530151127, 526.5285374920231, 739.9404978643852, 717.6480402665238, 711.3488649296987, 783.6481194693915, 839.0462744432389, 789.896124302395, 826.9658313489472, 780.519722063581, 1000.3090546997546, 702.0629400383596, 771.6358287809062, 889.4378758831435, 760.6563702167487, 832.8799253043635, 836.3695597296137, 772.887845066457, 829.6252120004483, 688.8455621176736, 799.9492678965189, 565.195901587158]
[-558.267497833518, -558.267497833518, -558.267497833518, -558.267497833518, -558.267497833518, -558.267497833518, -558.267497833518, -558.267497833518, -558.267497833518, -558.267497833518, -558.267497833518, -558.267497833518, -558.267497833518, -558.267497833518, -558.267497833518, -558.267497833518, -558.267497833518, -558.267497833518, -558.267497833518, -558.267497833518, -558.267497833518, -558.267497833518, -558.267497833518, -558.267497833518, -558.267497833518, -558.267497833518, -558.267497833518, -558.267497833518, -558.267497833518, -558.267497833518, -558.267497833518, -558.267497833518, -558.267497833518, -558.267497833518, -558.267497833518, -558.267497833518, -558.267497833518, -558.267497833518, -558.267497833518, -558.267497833518, -558.267497833518, -558.267497833518, -558.267497833518, -558.267497833518, -558.267497833518, -558.267497833518, -558.267497833518, -558.267497833518, -558.267497833518, -558.267497833518, -558.267497833518, -558.267497833518, -558.267497833518, -558.267497833518, -558.267497833518, -558.267497833518, -558.267497833518, -558.267497833518, -476.241636211032]
SCD (unidirectional)
None
None



scd_all took 29.594377994537354 seconds

 real_world_data/spam_dataset.csv 50 encoder: None
SCD_unidir: [] (0.0, 0.0)


       aa  aba  abandon  abb  abbey  abbrevi  abdomin  abduct  aberr  abid  \
0     0.0  0.0      0.0  0.0    0.0      0.0      0.0     0.0    0.0   0.0   
1     0.0  0.0      0.0  0.0    0.0      0.0      0.0     0.0    0.0   0.0   
2     0.0  0.0      0.0  0.0    0.0      0.0      0.0     0.0    0.0   0.0   
3     0.0  0.0      0.0  0.0    0.0      0.0      0.0     0.0    0.0   0.0   
4     0.0  0.0      0.0  0.0    0.0      0.0      0.0     0.0    0.0   0.0   
...   ...  ...      ...  ...    ...      ...      ...     ...    ...   ...   
1463  0.0  0.0      0.0  0.0    0.0      0.0      0.0     0.0    0.0   0.0   
1464  0.0  0.0      0.0  0.0    0.0      0.0      0.0     0.0    0.0   0.0   
1465  0.0  0.0      0.0  0.0    0.0      0.0      0.0     0.0    0.0   0.0   
1466  0.0  0.0      0.0  0.0    0.0      0.0      0.0     0.0    0.0   0.0   
1467  0.0  0.0      0.0  0.0    0.0      0.0      0.0     0.0    0.0   0.0   

      ...  zest  zig  zimbabw  zinc  zip  zodiac  zone  zoo  zoom  zowi  
0     ...   0.0  0.0      0.0   0.0  0.0     0.0   0.0  0.0   0.0   0.0  
1     ...   0.0  0.0      0.0   0.0  0.0     0.0   0.0  0.0   0.0   0.0  
2     ...   0.0  0.0      0.0   0.0  0.0     0.0   0.0  0.0   0.0   0.0  
3     ...   0.0  0.0      0.0   0.0  0.0     0.0   0.0  0.0   0.0   0.0  
4     ...   0.0  0.0      0.0   0.0  0.0     0.0   0.0  0.0   0.0   0.0  
...   ...   ...  ...      ...   ...  ...     ...   ...  ...   ...   ...  
1463  ...   0.0  0.0      0.0   0.0  0.0     0.0   0.0  0.0   0.0   0.0  
1464  ...   0.0  0.0      0.0   0.0  0.0     0.0   0.0  0.0   0.0   0.0  
1465  ...   0.0  0.0      0.0   0.0  0.0     0.0   0.0  0.0   0.0   0.0  
1466  ...   0.0  0.0      0.0   0.0  0.0     0.0   0.0  0.0   0.0   0.0  
1467  ...   0.0  0.0      0.0   0.0  0.0     0.0   0.0  0.0   0.0   0.0  

[1468 rows x 10727 columns]
1276
batches: 147
         0         1         2         3         4         5         6   \
0  0.031005 -0.124261 -0.040419 -0.026933 -0.028210 -0.054228  0.027088   
1  0.096894 -0.049953  0.096654 -0.039257  0.049775 -0.045326 -0.061063   
2  0.047039  0.048506  0.100799 -0.059969  0.030078  0.002772 -0.077739   
3  0.127869  0.196405 -0.035294  0.033341 -0.042967 -0.020495  0.004074   
4 -0.095758  0.058175  0.049684  0.019406  0.010131  0.015595 -0.030780   

         7         8         9   ...        90        91        92        93  \
0  0.003369 -0.004245  0.000339  ... -0.062625  0.027011  0.030027 -0.039703   
1 -0.043054  0.075106 -0.029035  ... -0.013830 -0.006692 -0.043113  0.016316   
2 -0.039737 -0.005618 -0.035416  ...  0.014177  0.049248  0.015000  0.087954   
3 -0.060287 -0.120848  0.032399  ... -0.030522 -0.021721  0.003816  0.014381   
4  0.003165  0.042339  0.034505  ...  0.005490 -0.009147 -0.013086 -0.004813   

         94        95        96        97        98        99  
0  0.008666 -0.025937  0.034865  0.047297  0.067796 -0.070391  
1  0.004423  0.066068  0.052179  0.044313  0.054112  0.017008  
2 -0.018196 -0.041451 -0.021016  0.012391  0.015438  0.023836  
3  0.033022 -0.034086  0.047559  0.046939 -0.056735  0.016619  
4  0.005639  0.000601  0.019958 -0.012650 -0.012562 -0.011458  

[5 rows x 100 columns]
t 0 mean: 665.86093 std: 0.0 diff_std: inf time: 0.30039501190185547
t 1 mean: 700.5894 std: 34.72847 diff_std: inf time: 0.598578929901123
t 2 mean: 720.17239 std: 39.63624 diff_std: 0.14132 time: 0.8730869293212891
t 3 mean: 707.58577 std: 40.66377 diff_std: 0.02592 time: 1.161421775817871
t 4 mean: 726.96611 std: 53.15284 diff_std: 0.30713 time: 1.4576687812805176
t 5 mean: 701.83476 std: 74.24472 diff_std: 0.39682 time: 1.7581350803375244
t 6 mean: 724.16189 std: 87.83971 diff_std: 0.18311 time: 2.050201892852783
t 7 mean: 732.98894 std: 85.42105 diff_std: 0.02753 time: 2.349102735519409
t 8 mean: 735.27197 std: 80.7942 diff_std: 0.05417 time: 2.6367909908294678
t 9 mean: 715.36155 std: 97.17384 diff_std: 0.20273 time: 2.9460108280181885
t 10 mean: 696.82317 std: 109.6405 diff_std: 0.12829 time: 3.236609697341919
t 11 mean: 683.73365 std: 113.59567 diff_std: 0.03607 time: 3.5257678031921387
t 12 mean: 676.59095 std: 111.9088 diff_std: 0.01485 time: 3.8173248767852783
t 13 mean: 677.53314 std: 107.89152 diff_std: 0.0359 time: 4.1091578006744385
t 14 mean: 679.52649 std: 104.49961 diff_std: 0.03144 time: 4.402976989746094
t 15 mean: 677.21213 std: 101.57757 diff_std: 0.02796 time: 4.688745975494385
t 16 mean: 674.1193 std: 99.31823 diff_std: 0.02224 time: 4.9666428565979
t 17 mean: 677.9868 std: 97.82833 diff_std: 0.015 time: 5.260809898376465
t 18 mean: 681.59702 std: 96.44317 diff_std: 0.01416 time: 5.5514817237854
t 19 mean: 678.13703 std: 95.20336 diff_std: 0.01286 time: 5.839022874832153
t 20 mean: 671.81878 std: 97.11067 diff_std: 0.02003 time: 6.11729884147644
t 21 mean: 674.43621 std: 95.63312 diff_std: 0.01522 time: 6.412075042724609
t 22 mean: 683.47158 std: 102.68442 diff_std: 0.07373 time: 6.706698894500732
t 23 mean: 684.6349 std: 100.67711 diff_std: 0.01955 time: 6.99167799949646
t 24 mean: 681.59606 std: 99.76009 diff_std: 0.00911 time: 7.267453908920288
t 25 mean: 681.17377 std: 97.8456 diff_std: 0.01919 time: 7.563544750213623
t 26 mean: 683.85405 std: 96.98432 diff_std: 0.0088 time: 7.901252746582031
t 27 mean: 685.78693 std: 95.76483 diff_std: 0.01257 time: 8.179395914077759
t 28 mean: 683.38728 std: 94.95208 diff_std: 0.00849 time: 8.47099494934082
t 29 mean: 680.95064 std: 94.27379 diff_std: 0.00714 time: 8.767354726791382
[282.79887462065835, 239.52967600974216, 240.51605112896277, 222.91408164623226, 252.56013853732657, 174.2871379765411, 115.80522146079511, 166.3006545579001, 190.56944113965892, 177.184275340162, 216.9165769199085, 173.4362127133245, 261.4640354627377, 253.9219315169762, 222.1387505877674, 167.72230822930487, 278.3929861575789, 309.1594093824842, 159.9999425597439, 275.254120893017, 185.4752287532142, 163.20356140888225, 160.1646455901764, 155.23627975969657, 175.4743922218945, 281.7331663747523, 213.84730249267477, 214.57635111398167, 291.4230672142385, 264.4796998682368, 260.9345902643872, 265.2361582256226, 270.2561211003176, 246.29785009333864, 232.0603994742669, 249.7118916718905, 206.43670525942343, 235.63708606302998, 242.881432326898, 242.07683222281594, 175.08441274062034, 148.185673728226, 118.15604631348879, 276.9950081021534, 116.84978846110926, 278.0612435182243, 358.068051758386, 183.2954980788486, 293.6296605644984, 251.59533431897808, 265.2784624370174, 317.45880742993177, 271.39422212025147, 217.71589790540702, 238.207421524055, 284.6104855755616, 319.9840119222549, 187.13323741775866, 303.58378530142227, 331.5857485059423, 335.73398874611894, 278.45711900685, 238.13269674188723, 297.9079331440721, 235.6537406784587, 191.09006044809394, 203.1870412373146, 247.06545079275702, 238.1017993186456, 238.86222164055152, 275.3627621905471, 191.30011621681115, 295.43801634401643, 277.40402455369576, 173.74712782810275, 315.7114853189787, 286.1676753841166, 293.57025770182054, 184.48204022668415, 315.3523219140552, 205.67972516456712, 238.8841651242351, 223.8458788842031, 232.53644992616773, 179.1395985067643, 276.0777303402415, 207.47581680736266, 271.3845002285402, 240.2162732367733, 215.40742735157573, 325.8191987233081, 370.3484008992755, 335.86781206912974, 254.78550067254628, 254.32386766185482, 165.1484370076637, 228.92948755044472, 243.85254731554642, 218.4422412340532, 252.45173949678383, 204.87293179793596, 383.67609265330475, 316.70217107705867, 273.1764085998334, 242.33841775505152, 169.05708700443847, 355.87409481131, 406.48436364357485, 338.51167747095997, 294.73669666128717, 316.28310351239816, 318.5935848649042, 246.23069596738014, 260.7524468861593, 399.3392035649531, 284.4323848191175, 326.18219914611154, 376.2790769544017, 377.0793165038299, 381.7975331474149, 191.11706661197013, 259.4547742252789, 317.18554090956013, 278.67971019520974, 243.83758439092753, 341.26217411737207, 352.4192893905415, 305.71153188925564, 252.1384111151051, 330.41192153580096, 322.5896844643612, 298.61050147795413, 314.377574130815, 348.8594834279115, 270.0071746863614, 256.0114129300273, 266.7231933643193, 342.6382585741744, 324.50705554138176, 282.848263295949, 297.4646497907697, 238.87713257651967, 300.0343292475686, 302.09465528300416, 322.07843631140304, 137.02413169830152, 285.7704100732062]
[-370.02194663703966, -370.02194663703966, -370.02194663703966, -370.02194663703966, -370.02194663703966, -370.02194663703966, -370.02194663703966, -370.02194663703966, -370.02194663703966, -370.02194663703966, -370.02194663703966, -370.02194663703966, -370.02194663703966, -370.02194663703966, -370.02194663703966, -370.02194663703966, -370.02194663703966, -370.02194663703966, -370.02194663703966, -370.02194663703966, -370.02194663703966, -370.02194663703966, -370.02194663703966, -370.02194663703966, -370.02194663703966, -370.02194663703966, -370.02194663703966, -370.02194663703966, -370.02194663703966, -370.02194663703966, -370.02194663703966, -370.02194663703966, -370.02194663703966, -370.02194663703966, -370.02194663703966, -370.02194663703966, -370.02194663703966, -370.02194663703966, -370.02194663703966, -370.02194663703966, -370.02194663703966, -370.02194663703966, -370.02194663703966, -370.02194663703966, -370.02194663703966, -370.02194663703966, -370.02194663703966, -370.02194663703966, -370.02194663703966, -370.02194663703966, -370.02194663703966, -370.02194663703966, -370.02194663703966, -370.02194663703966, -370.02194663703966, -370.02194663703966, -370.02194663703966, -370.02194663703966, -370.02194663703966, -370.02194663703966, -370.02194663703966, -370.02194663703966, -370.02194663703966, -370.02194663703966, -370.02194663703966, -370.02194663703966, -370.02194663703966, -370.02194663703966, -370.02194663703966, -370.02194663703966, -370.02194663703966, -370.02194663703966, -370.02194663703966, -370.02194663703966, -370.02194663703966, -370.02194663703966, -370.02194663703966, -370.02194663703966, -370.02194663703966, -370.02194663703966, -370.02194663703966, -370.02194663703966, -370.02194663703966, -370.02194663703966, -370.02194663703966, -370.02194663703966, -370.02194663703966, -370.02194663703966, -370.02194663703966, -370.02194663703966, -370.02194663703966, -370.02194663703966, -370.02194663703966, -370.02194663703966, -370.02194663703966, -370.02194663703966, -370.02194663703966, -370.02194663703966, -370.02194663703966, -370.02194663703966, -370.02194663703966, -370.02194663703966, -370.02194663703966, -370.02194663703966, -370.02194663703966, -370.02194663703966, -370.02194663703966, -370.02194663703966, -370.02194663703966, -370.02194663703966, -370.02194663703966, -370.02194663703966, -370.02194663703966, -370.02194663703966, -370.02194663703966, -370.02194663703966, -370.02194663703966, -370.02194663703966, -370.02194663703966, -370.02194663703966, -370.02194663703966, -370.02194663703966, -370.02194663703966, -370.02194663703966, -370.02194663703966, -370.02194663703966, -370.02194663703966, -370.02194663703966, -370.02194663703966, -370.02194663703966, -370.02194663703966, -370.02194663703966, -370.02194663703966, -370.02194663703966, -370.02194663703966, -370.02194663703966, -370.02194663703966, -370.02194663703966, -370.02194663703966, -370.02194663703966, -370.02194663703966, -370.02194663703966, -370.02194663703966, -370.02194663703966, -370.02194663703966, -370.02194663703966, -340.46403510721774]
SCD (unidirectional)
None
None



scd_all took 48.1909921169281 seconds

 real_world_data/spam_dataset.csv 20 encoder: None
SCD_unidir: [] (0.0, 0.0)


         0         1         2         3         4         5         6   \
0  0.380510  0.239615  0.406970  0.418500  0.354805  0.275147  0.315580   
1  0.461907  0.319943  0.584066  0.406182  0.430368  0.285751  0.215328   
2  0.400319  0.426378  0.589421  0.385479  0.411283  0.343046  0.196363   
3  0.500173  0.586258  0.413592  0.478748  0.340506  0.315330  0.289406   
4  0.223912  0.436830  0.523381  0.464819  0.391955  0.358322  0.249768   

         7         8         9   ...        90        91        92        93  \
0  0.294132  0.445690  0.470954  ...  0.283941  0.445578  0.574935  0.349755   
1  0.234767  0.555913  0.422259  ...  0.438599  0.355387  0.371173  0.521223   
2  0.239010  0.443782  0.411680  ...  0.527370  0.505085  0.533070  0.740499   
3  0.212730  0.283720  0.524103  ...  0.385693  0.315168  0.501912  0.515302   
4  0.293872  0.510398  0.527595  ...  0.499836  0.348818  0.454824  0.456549   

         94        95        96        97        98        99  
0  0.514827  0.379292  0.599479  0.628001  0.672037  0.201643  
1  0.500838  0.657731  0.648946  0.618650  0.630721  0.465806  
2  0.426262  0.332343  0.439819  0.518598  0.513948  0.486444  
3  0.595130  0.354629  0.635747  0.626881  0.296033  0.464630  
4  0.504848  0.459605  0.556887  0.440112  0.429406  0.379768  

[5 rows x 100 columns]
t 0 mean: 827.73656 std: 0.0 diff_std: inf time: 0.2951169013977051
t 1 mean: 937.07754 std: 109.34098 diff_std: inf time: 0.5746059417724609
t 2 mean: 860.80972 std: 140.01378 diff_std: 0.28052 time: 0.8644959926605225
t 3 mean: 859.03935 std: 121.29425 diff_std: 0.1337 time: 1.160827875137329
t 4 mean: 886.58201 std: 121.67263 diff_std: 0.00312 time: 1.4533967971801758
t 5 mean: 984.41508 std: 245.34343 diff_std: 1.01642 time: 1.7404899597167969
t 6 mean: 1049.07373 std: 276.90935 diff_std: 0.12866 time: 2.019730806350708
t 7 mean: 998.96706 std: 290.97885 diff_std: 0.05081 time: 2.309907913208008
t 8 mean: 1033.54565 std: 291.24987 diff_std: 0.00093 time: 2.5933799743652344
t 9 mean: 1018.85316 std: 279.79754 diff_std: 0.03932 time: 2.8726069927215576
t 10 mean: 1001.45803 std: 272.38869 diff_std: 0.02648 time: 3.1606948375701904
t 11 mean: 990.96256 std: 263.10518 diff_std: 0.03408 time: 3.4416799545288086
t 12 mean: 991.39478 std: 252.78772 diff_std: 0.03921 time: 3.718268871307373
t 13 mean: 971.1091 std: 254.33608 diff_std: 0.00613 time: 4.013535976409912
t 14 mean: 977.10116 std: 246.73275 diff_std: 0.02989 time: 4.308408975601196
t 15 mean: 980.54954 std: 239.27099 diff_std: 0.03024 time: 4.591634750366211
t 16 mean: 980.70542 std: 232.12779 diff_std: 0.02985 time: 4.897264003753662
t 17 mean: 960.89438 std: 239.92064 diff_std: 0.03357 time: 5.172525882720947
t 18 mean: 952.0516 std: 236.51605 diff_std: 0.01419 time: 5.4682838916778564
t 19 mean: 976.25666 std: 253.52449 diff_std: 0.07191 time: 5.7501397132873535
t 20 mean: 993.26511 std: 258.84303 diff_std: 0.02098 time: 6.031758069992065
t 21 mean: 981.35819 std: 258.71131 diff_std: 0.00051 time: 6.321472883224487
t 22 mean: 980.9914 std: 253.0305 diff_std: 0.02196 time: 6.607655763626099
t 23 mean: 969.53327 std: 253.72502 diff_std: 0.00274 time: 6.89360785484314
t 24 mean: 973.99372 std: 249.55726 diff_std: 0.01643 time: 7.177308797836304
t 25 mean: 967.87889 std: 246.61359 diff_std: 0.0118 time: 7.491682052612305
t 26 mean: 968.49628 std: 242.02406 diff_std: 0.01861 time: 7.77324104309082
t 27 mean: 964.05472 std: 238.78086 diff_std: 0.0134 time: 8.074345827102661
t 28 mean: 974.45097 std: 240.99069 diff_std: 0.00925 time: 8.41466498374939
t 29 mean: 978.09969 std: 237.75347 diff_std: 0.01343 time: 8.742470026016235
t 30 mean: 986.27745 std: 238.13765 diff_std: 0.00162 time: 9.063663959503174
[279.09525409950834, 239.59959849381698, 218.81520117462537, 181.02889970009414, 219.60856703705463, 222.72215520611485, 122.20149986868842, 203.03921162093206, 182.24254165780235, 173.75967705300104, 217.65403690644894, 128.83676428248987, 252.7871693903951, 225.80778642087694, 197.56326385578245, 193.24092937739465, 243.58947728291582, 204.66792701790496, 129.08455004159828, 239.5171712087365, 122.79789707318173, 118.21151398640382, 280.46159563367314, 146.9640967389348, 118.46668630106547, 237.92215389401713, 178.47142525406184, 159.53099287386954, 267.1624126503473, 203.53166793995183, 173.5346089217394, 264.636317931235, 222.1442653820634, 208.72076677541213, 207.28933088586996, 222.05305748242722, 300.14743502576744, 237.88501209659648, 87.1074222696709, 240.3297869125215, 216.22660817280098, 128.05967441806547, 174.79595153331888, 269.6730069815819, 165.823229945536, 235.8816059578014, 340.5808678046426, 194.76744599660128, 259.0735017696104, 260.7379370480096, 296.0374745645115, 300.4551248790019, 311.852001458152, 198.95737957550432, 256.9050544212703, 277.91860494331763, 395.060154433477, 220.87457510299532, 285.4327461564783, 339.5624987898434, 293.32896797496755, 263.69674435582397, 172.0468995876024, 299.60484215480324, 259.34835545773217, 189.69187158918544, 241.66012721369157, 273.8859789244814, 150.50211970565147, 272.575756426965, 301.3363201253144, 172.3402273074032, 301.2886990170716, 288.21820660842855, 172.7319921447704, 297.49742641321996, 281.8059925718087, 317.015686635835, 274.5013483546611, 231.23723229305756, 106.20821988592911, 163.28401898245124, 210.37346177922632, 233.5490483841461, 161.20776131953357, 228.10952916708334, 203.7521428762418, 211.2125650056389, 259.5417670460372, 334.6486881730118, 267.5197246560499, 306.1107023913353, 364.80943148094934, 235.08551077415837, 252.5997656170432, 173.44917055708834, 142.4270011645865, 251.30392421009242, 241.30207103029056, 235.40272518793267, 170.46316409714814, 366.15259370303943, 291.69748605749714, 237.8382774743825, 215.43897719659094, 151.08178821793558, 328.2754280237775, 420.8346530368033, 324.80180385455765, 281.6745500930431, 307.86839037517643, 336.18994651211256, 209.60211747530843, 240.70386449172997, 395.87213915015695, 266.27422271394585, 291.57324410675415, 376.3850946887767, 349.16569214864444, 367.9784692377614, 228.21265697465128, 296.1821987462979, 300.50278609915745, 274.44066028860675, 221.4635942398952, 357.79518621373813, 331.3825004440289, 296.29094986852647, 245.1289530997226, 308.59867658175267, 335.6078954899665, 286.6712113272681, 293.5224039624893, 344.97845570252434, 260.07581976429833, 288.86847905100126, 250.0414841585573, 369.6243427812699, 319.5732711422463, 272.4275674062226, 267.5493221989884, 220.58014996675934, 274.24912256250286, 311.09264825170453, 325.5364514557375, 240.480323291765, 337.665874768757]
[-494.388279740038, -494.388279740038, -494.388279740038, -494.388279740038, -494.388279740038, -494.388279740038, -494.388279740038, -494.388279740038, -494.388279740038, -494.388279740038, -494.388279740038, -494.388279740038, -494.388279740038, -494.388279740038, -494.388279740038, -494.388279740038, -494.388279740038, -494.388279740038, -494.388279740038, -494.388279740038, -494.388279740038, -494.388279740038, -494.388279740038, -494.388279740038, -494.388279740038, -494.388279740038, -494.388279740038, -494.388279740038, -494.388279740038, -494.388279740038, -494.388279740038, -494.388279740038, -494.388279740038, -494.388279740038, -494.388279740038, -494.388279740038, -494.388279740038, -494.388279740038, -494.388279740038, -494.388279740038, -494.388279740038, -494.388279740038, -494.388279740038, -494.388279740038, -494.388279740038, -494.388279740038, -494.388279740038, -494.388279740038, -494.388279740038, -494.388279740038, -494.388279740038, -494.388279740038, -494.388279740038, -494.388279740038, -494.388279740038, -494.388279740038, -494.388279740038, -494.388279740038, -494.388279740038, -494.388279740038, -494.388279740038, -494.388279740038, -494.388279740038, -494.388279740038, -494.388279740038, -494.388279740038, -494.388279740038, -494.388279740038, -494.388279740038, -494.388279740038, -494.388279740038, -494.388279740038, -494.388279740038, -494.388279740038, -494.388279740038, -494.388279740038, -494.388279740038, -494.388279740038, -494.388279740038, -494.388279740038, -494.388279740038, -494.388279740038, -494.388279740038, -494.388279740038, -494.388279740038, -494.388279740038, -494.388279740038, -494.388279740038, -494.388279740038, -494.388279740038, -494.388279740038, -494.388279740038, -494.388279740038, -494.388279740038, -494.388279740038, -494.388279740038, -494.388279740038, -494.388279740038, -494.388279740038, -494.388279740038, -494.388279740038, -494.388279740038, -494.388279740038, -494.388279740038, -494.388279740038, -494.388279740038, -494.388279740038, -494.388279740038, -494.388279740038, -494.388279740038, -494.388279740038, -494.388279740038, -494.388279740038, -494.388279740038, -494.388279740038, -494.388279740038, -494.388279740038, -494.388279740038, -494.388279740038, -494.388279740038, -494.388279740038, -494.388279740038, -494.388279740038, -494.388279740038, -494.388279740038, -494.388279740038, -494.388279740038, -494.388279740038, -494.388279740038, -494.388279740038, -494.388279740038, -494.388279740038, -494.388279740038, -494.388279740038, -494.388279740038, -494.388279740038, -494.388279740038, -494.388279740038, -494.388279740038, -494.388279740038, -494.388279740038, -494.388279740038, -494.388279740038, -494.388279740038, -494.388279740038, -494.388279740038, -454.89579782984725]
SCD (unidirectional)
None
None



scd_all took 55.9246289730072 seconds

 real_world_data/spam_dataset.csv 20 encoder: None
SCD_unidir: [] (0.0, 0.0)
