Spam SyncStream unscaled/scaled

       aa  aba  abandon  abb  abbey  abbrevi  abdomin  abduct  aberr  abid  \
0     0.0  0.0      0.0  0.0    0.0      0.0      0.0     0.0    0.0   0.0   
1     0.0  0.0      0.0  0.0    0.0      0.0      0.0     0.0    0.0   0.0   
2     0.0  0.0      0.0  0.0    0.0      0.0      0.0     0.0    0.0   0.0   
3     0.0  0.0      0.0  0.0    0.0      0.0      0.0     0.0    0.0   0.0   
4     0.0  0.0      0.0  0.0    0.0      0.0      0.0     0.0    0.0   0.0   
...   ...  ...      ...  ...    ...      ...      ...     ...    ...   ...   
1463  0.0  0.0      0.0  0.0    0.0      0.0      0.0     0.0    0.0   0.0   
1464  0.0  0.0      0.0  0.0    0.0      0.0      0.0     0.0    0.0   0.0   
1465  0.0  0.0      0.0  0.0    0.0      0.0      0.0     0.0    0.0   0.0   
1466  0.0  0.0      0.0  0.0    0.0      0.0      0.0     0.0    0.0   0.0   
1467  0.0  0.0      0.0  0.0    0.0      0.0      0.0     0.0    0.0   0.0   

      ...  zest  zig  zimbabw  zinc  zip  zodiac  zone  zoo  zoom  zowi  
0     ...   0.0  0.0      0.0   0.0  0.0     0.0   0.0  0.0   0.0   0.0  
1     ...   0.0  0.0      0.0   0.0  0.0     0.0   0.0  0.0   0.0   0.0  
2     ...   0.0  0.0      0.0   0.0  0.0     0.0   0.0  0.0   0.0   0.0  
3     ...   0.0  0.0      0.0   0.0  0.0     0.0   0.0  0.0   0.0   0.0  
4     ...   0.0  0.0      0.0   0.0  0.0     0.0   0.0  0.0   0.0   0.0  
...   ...   ...  ...      ...   ...  ...     ...   ...  ...   ...   ...  
1463  ...   0.0  0.0      0.0   0.0  0.0     0.0   0.0  0.0   0.0   0.0  
1464  ...   0.0  0.0      0.0   0.0  0.0     0.0   0.0  0.0   0.0   0.0  
1465  ...   0.0  0.0      0.0   0.0  0.0     0.0   0.0  0.0   0.0   0.0  
1466  ...   0.0  0.0      0.0   0.0  0.0     0.0   0.0  0.0   0.0   0.0  
1467  ...   0.0  0.0      0.0   0.0  0.0     0.0   0.0  0.0   0.0   0.0  

[1468 rows x 10727 columns]
1276
batches: 30
       aa  aba  abandon  abb  abbey  abbrevi  abdomin  abduct  aberr  abid  \
1468  0.0  0.0      0.0  0.0    0.0      0.0      0.0     0.0    0.0   0.0   
1469  0.0  0.0      0.0  0.0    0.0      0.0      0.0     0.0    0.0   0.0   
1470  0.0  0.0      0.0  0.0    0.0      0.0      0.0     0.0    0.0   0.0   
1471  0.0  0.0      0.0  0.0    0.0      0.0      0.0     0.0    0.0   0.0   
1472  0.0  0.0      0.0  0.0    0.0      0.0      0.0     0.0    0.0   0.0   

      ...  zest  zig  zimbabw  zinc  zip  zodiac  zone  zoo  zoom  zowi  
1468  ...   0.0  0.0      0.0   0.0  0.0     0.0   0.0  0.0   0.0   0.0  
1469  ...   0.0  0.0      0.0   0.0  0.0     0.0   0.0  0.0   0.0   0.0  
1470  ...   0.0  0.0      0.0   0.0  0.0     0.0   0.0  0.0   0.0   0.0  
1471  ...   0.0  0.0      0.0   0.0  0.0     0.0   0.0  0.0   0.0   0.0  
1472  ...   0.0  0.0      0.0   0.0  0.0     0.0   0.0  0.0   0.0   0.0  

[5 rows x 10727 columns]
[73.46617036905472, 98.9062655043191, 100.40896473821903, 97.95073169618567, 88.83803467404489, 93.16187948588802, 86.21203787924338, 65.76520837902724, 62.31911160284937, 74.54917785959084, 91.98794605517482, 71.15575406174402, 95.12023170152327, 72.86382355549418, 97.03377948912122, 117.7823061074822, 58.52334369886431, 75.04339270324365, 65.04413961604212, 97.5032361903607, 80.00842296947182, 90.92570128289255, 93.98050034617172, 87.72152068767666, 85.47588697979762, 91.94174431584919, 88.62931163180473, 86.01832919588159, 81.32945781020632, 100.08088821644195]
[30, 30, 30, 30, 30, 30, 30, 30, 30, 30, 30, 30, 30, 30, 30, 30, 30, 30, 30, 30, 30, 30, 30, 30, 30, 30, 30, 30, 30, 30]
SyncStream-PCA (fixed reference)
None
None

￼

syncstream_pca_all took 2.8207929134368896 seconds
       aa  aba  abandon  abb  abbey  abbrevi  abdomin  abduct  aberr  abid  \
1468  0.0  0.0      0.0  0.0    0.0      0.0      0.0     0.0    0.0   0.0   
1469  0.0  0.0      0.0  0.0    0.0      0.0      0.0     0.0    0.0   0.0   
1470  0.0  0.0      0.0  0.0    0.0      0.0      0.0     0.0    0.0   0.0   
1471  0.0  0.0      0.0  0.0    0.0      0.0      0.0     0.0    0.0   0.0   
1472  0.0  0.0      0.0  0.0    0.0      0.0      0.0     0.0    0.0   0.0   

      ...  zest  zig  zimbabw  zinc  zip  zodiac  zone  zoo  zoom  zowi  
1468  ...   0.0  0.0      0.0   0.0  0.0     0.0   0.0  0.0   0.0   0.0  
1469  ...   0.0  0.0      0.0   0.0  0.0     0.0   0.0  0.0   0.0   0.0  
1470  ...   0.0  0.0      0.0   0.0  0.0     0.0   0.0  0.0   0.0   0.0  
1471  ...   0.0  0.0      0.0   0.0  0.0     0.0   0.0  0.0   0.0   0.0  
1472  ...   0.0  0.0      0.0   0.0  0.0     0.0   0.0  0.0   0.0   0.0  

[5 rows x 10727 columns]
[26.223414906181755, 20.66690582310726, 13.085574837197282, 24.50018718418743, 39.61557485970563, 32.500031558236756, 30.147851781044803, 20.660642096585118, 22.81413920395122, 53.46957767885418, 36.69660997150453, 20.951209098320014, 34.9645487895395, 34.20131500489829, 40.17767344877635, 42.10576351820566, 18.60397378625895, 4.041141148200745, 44.48279243380295, 24.892649158406268, 51.05229323098519, 25.833083283761336, 46.89786256306276, 50.34477141692638, 40.81469218055644, 30.910825908482824, 42.16814622073021, 27.097610084833363, 52.11317601238986, 8.160587625626722]
[2.5758293035489004, 2.5758293035489004, 2.5758293035489004, 2.5758293035489004, 2.5758293035489004, 2.5758293035489004, 2.5758293035489004, 2.5758293035489004, 2.5758293035489004, 2.5758293035489004, 2.5758293035489004, 2.5758293035489004, 2.5758293035489004, 2.5758293035489004, 2.5758293035489004, 2.5758293035489004, 2.5758293035489004, 2.5758293035489004, 2.5758293035489004, 2.5758293035489004, 2.5758293035489004, 2.5758293035489004, 2.5758293035489004, 2.5758293035489004, 2.5758293035489004, 2.5758293035489004, 2.5758293035489004, 2.5758293035489004, 2.5758293035489004, 2.5758293035489004]
SyncStream-Stat (fixed reference)
None
None

￼

syncstream_stat_all took 966.2534940242767 seconds

 real_world_data/spam_dataset.csv 100 encoder: None
PCA_ref: [1, 2, 3, 4, 5, 6, 7, 8, 9, 10, 11, 12, 13, 14, 15, 16, 17, 18, 19, 20, 21, 22, 23, 24, 25, 26, 27, 28, 29, 30] (1.0, 1.0) Stat_ref: [1, 2, 3, 4, 5, 6, 7, 8, 9, 10, 11, 12, 13, 14, 15, 16, 17, 18, 19, 20, 21, 22, 23, 24, 25, 26, 27, 28, 29, 30] (1.0, 1.0)


   0      1      2      3      4      5      6      7      8      9      ...  \
0    0.0    0.0    0.0    0.0    0.0    0.0    0.0    0.0    0.0    0.0  ...   
1    0.0    0.0    0.0    0.0    0.0    0.0    0.0    0.0    0.0    0.0  ...   
2    0.0    0.0    0.0    0.0    0.0    0.0    0.0    0.0    0.0    0.0  ...   
3    0.0    0.0    0.0    0.0    0.0    0.0    0.0    0.0    0.0    0.0  ...   
4    0.0    0.0    0.0    0.0    0.0    0.0    0.0    0.0    0.0    0.0  ...   

   10717  10718  10719  10720  10721  10722  10723  10724  10725  10726  
0    0.0    0.0    0.0    0.0    0.0    0.0    0.0    0.0    0.0    0.0  
1    0.0    0.0    0.0    0.0    0.0    0.0    0.0    0.0    0.0    0.0  
2    0.0    0.0    0.0    0.0    0.0    0.0    0.0    0.0    0.0    0.0  
3    0.0    0.0    0.0    0.0    0.0    0.0    0.0    0.0    0.0    0.0  
4    0.0    0.0    0.0    0.0    0.0    0.0    0.0    0.0    0.0    0.0  

[5 rows x 10727 columns]
[87.25226205041723, 90.10365408123292, 90.03987219187087, 87.87756262711005, 87.40639452423841, 87.17186537678495, 87.35183302798373, 90.01617345578039, 90.05237057642547, 87.62124493959602, 90.01609454221125, 86.22661323333108, 87.53881141462801, 88.67498309217464, 87.32169711105458, 90.0723761199954, 87.30762555017827, 90.15177645342187, 90.13403671361979, 90.06850349567883, 90.20916962658247, 89.92559237347565, 89.66413363277981, 90.15234364625819, 90.02152387050101, 90.24780578514307, 90.18149417801787, 89.37362799062204, 87.46231834158954, 90.00712240264653]
[30, 30, 30, 30, 30, 30, 30, 30, 30, 30, 30, 30, 30, 30, 30, 30, 30, 30, 30, 30, 30, 30, 30, 30, 30, 30, 30, 30, 30, 30]
SyncStream-PCA (fixed reference)
None
None

￼

syncstream_pca_all took 4.73224401473999 seconds
   0      1      2      3      4      5      6      7      8      9      ...  \
0    0.0    0.0    0.0    0.0    0.0    0.0    0.0    0.0    0.0    0.0  ...   
1    0.0    0.0    0.0    0.0    0.0    0.0    0.0    0.0    0.0    0.0  ...   
2    0.0    0.0    0.0    0.0    0.0    0.0    0.0    0.0    0.0    0.0  ...   
3    0.0    0.0    0.0    0.0    0.0    0.0    0.0    0.0    0.0    0.0  ...   
4    0.0    0.0    0.0    0.0    0.0    0.0    0.0    0.0    0.0    0.0  ...   

   10717  10718  10719  10720  10721  10722  10723  10724  10725  10726  
0    0.0    0.0    0.0    0.0    0.0    0.0    0.0    0.0    0.0    0.0  
1    0.0    0.0    0.0    0.0    0.0    0.0    0.0    0.0    0.0    0.0  
2    0.0    0.0    0.0    0.0    0.0    0.0    0.0    0.0    0.0    0.0  
3    0.0    0.0    0.0    0.0    0.0    0.0    0.0    0.0    0.0    0.0  
4    0.0    0.0    0.0    0.0    0.0    0.0    0.0    0.0    0.0    0.0  

[5 rows x 10727 columns]
[26.223414906181755, 20.66690582310726, 13.085574837197282, 24.50018718418743, 39.61557485970563, 32.500031558236756, 30.147851781044803, 20.660642096585118, 22.81413920395122, 53.46957767885418, 36.69660997150453, 20.951209098320014, 34.9645487895395, 34.20131500489829, 40.17767344877635, 42.10576351820566, 18.60397378625895, 4.041141148200745, 44.48279243380295, 24.892649158406268, 51.05229323098519, 25.833083283761336, 46.89786256306276, 50.34477141692638, 40.81469218055644, 30.910825908482824, 42.16814622073021, 27.097610084833363, 52.11317601238986, 8.160587625626722]
[2.5758293035489004, 2.5758293035489004, 2.5758293035489004, 2.5758293035489004, 2.5758293035489004, 2.5758293035489004, 2.5758293035489004, 2.5758293035489004, 2.5758293035489004, 2.5758293035489004, 2.5758293035489004, 2.5758293035489004, 2.5758293035489004, 2.5758293035489004, 2.5758293035489004, 2.5758293035489004, 2.5758293035489004, 2.5758293035489004, 2.5758293035489004, 2.5758293035489004, 2.5758293035489004, 2.5758293035489004, 2.5758293035489004, 2.5758293035489004, 2.5758293035489004, 2.5758293035489004, 2.5758293035489004, 2.5758293035489004, 2.5758293035489004, 2.5758293035489004]
SyncStream-Stat (fixed reference)
None
None

￼

syncstream_stat_all took 929.332190990448 seconds

 real_world_data/spam_dataset.csv 100 encoder: None
PCA_ref: [1, 2, 3, 4, 5, 6, 7, 8, 9, 10, 11, 12, 13, 14, 15, 16, 17, 18, 19, 20, 21, 22, 23, 24, 25, 26, 27, 28, 29, 30] (1.0, 1.0) Stat_ref: [1, 2, 3, 4, 5, 6, 7, 8, 9, 10, 11, 12, 13, 14, 15, 16, 17, 18, 19, 20, 21, 22, 23, 24, 25, 26, 27, 28, 29, 30] (1.0, 1.0)


       aa  aba  abandon  abb  abbey  abbrevi  abdomin  abduct  aberr  abid  \
0     0.0  0.0      0.0  0.0    0.0      0.0      0.0     0.0    0.0   0.0   
1     0.0  0.0      0.0  0.0    0.0      0.0      0.0     0.0    0.0   0.0   
2     0.0  0.0      0.0  0.0    0.0      0.0      0.0     0.0    0.0   0.0   
3     0.0  0.0      0.0  0.0    0.0      0.0      0.0     0.0    0.0   0.0   
4     0.0  0.0      0.0  0.0    0.0      0.0      0.0     0.0    0.0   0.0   
...   ...  ...      ...  ...    ...      ...      ...     ...    ...   ...   
1463  0.0  0.0      0.0  0.0    0.0      0.0      0.0     0.0    0.0   0.0   
1464  0.0  0.0      0.0  0.0    0.0      0.0      0.0     0.0    0.0   0.0   
1465  0.0  0.0      0.0  0.0    0.0      0.0      0.0     0.0    0.0   0.0   
1466  0.0  0.0      0.0  0.0    0.0      0.0      0.0     0.0    0.0   0.0   
1467  0.0  0.0      0.0  0.0    0.0      0.0      0.0     0.0    0.0   0.0   

      ...  zest  zig  zimbabw  zinc  zip  zodiac  zone  zoo  zoom  zowi  
0     ...   0.0  0.0      0.0   0.0  0.0     0.0   0.0  0.0   0.0   0.0  
1     ...   0.0  0.0      0.0   0.0  0.0     0.0   0.0  0.0   0.0   0.0  
2     ...   0.0  0.0      0.0   0.0  0.0     0.0   0.0  0.0   0.0   0.0  
3     ...   0.0  0.0      0.0   0.0  0.0     0.0   0.0  0.0   0.0   0.0  
4     ...   0.0  0.0      0.0   0.0  0.0     0.0   0.0  0.0   0.0   0.0  
...   ...   ...  ...      ...   ...  ...     ...   ...  ...   ...   ...  
1463  ...   0.0  0.0      0.0   0.0  0.0     0.0   0.0  0.0   0.0   0.0  
1464  ...   0.0  0.0      0.0   0.0  0.0     0.0   0.0  0.0   0.0   0.0  
1465  ...   0.0  0.0      0.0   0.0  0.0     0.0   0.0  0.0   0.0   0.0  
1466  ...   0.0  0.0      0.0   0.0  0.0     0.0   0.0  0.0   0.0   0.0  
1467  ...   0.0  0.0      0.0   0.0  0.0     0.0   0.0  0.0   0.0   0.0  

[1468 rows x 10727 columns]
1276
batches: 59
       aa  aba  abandon  abb  abbey  abbrevi  abdomin  abduct  aberr  abid  \
1468  0.0  0.0      0.0  0.0    0.0      0.0      0.0     0.0    0.0   0.0   
1469  0.0  0.0      0.0  0.0    0.0      0.0      0.0     0.0    0.0   0.0   
1470  0.0  0.0      0.0  0.0    0.0      0.0      0.0     0.0    0.0   0.0   
1471  0.0  0.0      0.0  0.0    0.0      0.0      0.0     0.0    0.0   0.0   
1472  0.0  0.0      0.0  0.0    0.0      0.0      0.0     0.0    0.0   0.0   

      ...  zest  zig  zimbabw  zinc  zip  zodiac  zone  zoo  zoom  zowi  
1468  ...   0.0  0.0      0.0   0.0  0.0     0.0   0.0  0.0   0.0   0.0  
1469  ...   0.0  0.0      0.0   0.0  0.0     0.0   0.0  0.0   0.0   0.0  
1470  ...   0.0  0.0      0.0   0.0  0.0     0.0   0.0  0.0   0.0   0.0  
1471  ...   0.0  0.0      0.0   0.0  0.0     0.0   0.0  0.0   0.0   0.0  
1472  ...   0.0  0.0      0.0   0.0  0.0     0.0   0.0  0.0   0.0   0.0  

[5 rows x 10727 columns]
[87.22402693053472, 103.6090064390274, 111.64318664781081, 86.81927600683987, 84.1935518611326, 95.30022246468951, 81.78400146783518, 94.90342089385909, 85.91598838199397, 85.4567898641765, 89.99410936415167, 93.91951629489117, 76.98320322912329, 86.20918202643931, 67.69198651000184, 70.29380990149473, 67.23457680366313, 61.51435549287505, 77.03444102045204, 99.64286575980506, 86.11993134201677, 95.60270999281119, 68.62981222676953, 72.32576727807262, 103.87407740770544, 92.54390289120771, 93.3162774253476, 75.24759988670279, 96.41136965844355, 90.92275707497502, 92.64474539943403, 60.832675253027105, 64.95934187994938, 98.58676334933222, 78.13973870167477, 79.60301798486182, 76.04763380377776, 72.07520527735961, 101.23136515614745, 94.86678523778399, 87.85584291124172, 84.12925314344083, 88.4612381277462, 93.46932979268894, 94.24417627230306, 92.98971237650828, 87.69703665780276, 88.5416783349178, 88.71105875069331, 86.17523691080439, 86.68539763045638, 88.26581489275455, 90.56983837750155, 88.91293620527993, 93.62199283028541, 92.00086049254561, 88.80967793999787, 95.56831519171881, 100.05151635457112]
[30, 30, 30, 30, 30, 30, 30, 30, 30, 30, 30, 30, 30, 30, 30, 30, 30, 30, 30, 30, 30, 30, 30, 30, 30, 30, 30, 30, 30, 30, 30, 30, 30, 30, 30, 30, 30, 30, 30, 30, 30, 30, 30, 30, 30, 30, 30, 30, 30, 30, 30, 30, 30, 30, 30, 30, 30, 30, 30]
SyncStream-PCA (fixed reference)
None
None

￼

syncstream_pca_all took 2.2608208656311035 seconds
       aa  aba  abandon  abb  abbey  abbrevi  abdomin  abduct  aberr  abid  \
1468  0.0  0.0      0.0  0.0    0.0      0.0      0.0     0.0    0.0   0.0   
1469  0.0  0.0      0.0  0.0    0.0      0.0      0.0     0.0    0.0   0.0   
1470  0.0  0.0      0.0  0.0    0.0      0.0      0.0     0.0    0.0   0.0   
1471  0.0  0.0      0.0  0.0    0.0      0.0      0.0     0.0    0.0   0.0   
1472  0.0  0.0      0.0  0.0    0.0      0.0      0.0     0.0    0.0   0.0   

      ...  zest  zig  zimbabw  zinc  zip  zodiac  zone  zoo  zoom  zowi  
1468  ...   0.0  0.0      0.0   0.0  0.0     0.0   0.0  0.0   0.0   0.0  
1469  ...   0.0  0.0      0.0   0.0  0.0     0.0   0.0  0.0   0.0   0.0  
1470  ...   0.0  0.0      0.0   0.0  0.0     0.0   0.0  0.0   0.0   0.0  
1471  ...   0.0  0.0      0.0   0.0  0.0     0.0   0.0  0.0   0.0   0.0  
1472  ...   0.0  0.0      0.0   0.0  0.0     0.0   0.0  0.0   0.0   0.0  

[5 rows x 10727 columns]
[30.292172761602245, 9.367149838768059, 6.126144616316638, 25.19419530971546, 11.389810258004793, 7.512833054592596, 29.842798531413738, 7.585732620688196, 29.47232577343261, 27.931501124523294, 40.02207564355512, 10.636930874994672, 20.820746547822182, 22.769086941553148, 10.350822675999193, 19.884552657131863, 22.6717219313989, 10.836659318173645, 42.159577985394094, 35.79260818075597, 30.780290294138698, 22.596900401289446, 1.4563903491583996, 38.01125606625384, 27.705273898938962, 22.972016872725295, 34.2739221589011, 16.547178988935702, 28.37136077868887, 29.863582218307986, 38.05481227069944, 23.809499937771726, 11.633169046427613, 15.251848886229904, 7.017706838768208, 14.712957828622923, 36.3676661171989, 28.43203612217168, 15.882069191247666, 20.129839185459925, 28.470536946698996, 47.15146237931336, 26.909390084014866, 11.401524544484623, 35.786235250839596, 32.31693373193479, 34.901845807078075, 38.36521778604596, 22.09339102228278, 38.16790823159916, 19.339371379199015, 25.499312475194863, 30.764962297018464, 30.353478473349362, 35.19222779215913, 7.2836403695425025, 37.65178345565349, 38.09708248192725, 8.160587625626722]
[2.5758293035489004, 2.5758293035489004, 2.5758293035489004, 2.5758293035489004, 2.5758293035489004, 2.5758293035489004, 2.5758293035489004, 2.5758293035489004, 2.5758293035489004, 2.5758293035489004, 2.5758293035489004, 2.5758293035489004, 2.5758293035489004, 2.5758293035489004, 2.5758293035489004, 2.5758293035489004, 2.5758293035489004, 2.5758293035489004, 2.5758293035489004, 2.5758293035489004, 2.5758293035489004, 2.5758293035489004, 2.5758293035489004, 2.5758293035489004, 2.5758293035489004, 2.5758293035489004, 2.5758293035489004, 2.5758293035489004, 2.5758293035489004, 2.5758293035489004, 2.5758293035489004, 2.5758293035489004, 2.5758293035489004, 2.5758293035489004, 2.5758293035489004, 2.5758293035489004, 2.5758293035489004, 2.5758293035489004, 2.5758293035489004, 2.5758293035489004, 2.5758293035489004, 2.5758293035489004, 2.5758293035489004, 2.5758293035489004, 2.5758293035489004, 2.5758293035489004, 2.5758293035489004, 2.5758293035489004, 2.5758293035489004, 2.5758293035489004, 2.5758293035489004, 2.5758293035489004, 2.5758293035489004, 2.5758293035489004, 2.5758293035489004, 2.5758293035489004, 2.5758293035489004, 2.5758293035489004, 2.5758293035489004]
SyncStream-Stat (fixed reference)
None
None

￼

syncstream_stat_all took 1776.3245151042938 seconds

 real_world_data/spam_dataset.csv 50 encoder: None
PCA_ref: [1, 2, 3, 4, 5, 6, 7, 8, 9, 10, 11, 12, 13, 14, 15, 16, 17, 18, 19, 20, 21, 22, 23, 24, 25, 26, 27, 28, 29, 30, 31, 32, 33, 34, 35, 36, 37, 38, 39, 40, 41, 42, 43, 44, 45, 46, 47, 48, 49, 50, 51, 52, 53, 54, 55, 56, 57, 58, 59] (1.0, 1.0) Stat_ref: [1, 2, 3, 4, 5, 6, 7, 8, 9, 10, 11, 12, 13, 14, 15, 16, 17, 18, 19, 20, 21, 22, 24, 25, 26, 27, 28, 29, 30, 31, 32, 33, 34, 35, 36, 37, 38, 39, 40, 41, 42, 43, 44, 45, 46, 47, 48, 49, 50, 51, 52, 53, 54, 55, 56, 57, 58, 59] (0.9827586206896551, 1.0)


   0      1      2      3      4      5      6      7      8      9      ...  \
0    0.0    0.0    0.0    0.0    0.0    0.0    0.0    0.0    0.0    0.0  ...   
1    0.0    0.0    0.0    0.0    0.0    0.0    0.0    0.0    0.0    0.0  ...   
2    0.0    0.0    0.0    0.0    0.0    0.0    0.0    0.0    0.0    0.0  ...   
3    0.0    0.0    0.0    0.0    0.0    0.0    0.0    0.0    0.0    0.0  ...   
4    0.0    0.0    0.0    0.0    0.0    0.0    0.0    0.0    0.0    0.0  ...   

   10717  10718  10719  10720  10721  10722  10723  10724  10725  10726  
0    0.0    0.0    0.0    0.0    0.0    0.0    0.0    0.0    0.0    0.0  
1    0.0    0.0    0.0    0.0    0.0    0.0    0.0    0.0    0.0    0.0  
2    0.0    0.0    0.0    0.0    0.0    0.0    0.0    0.0    0.0    0.0  
3    0.0    0.0    0.0    0.0    0.0    0.0    0.0    0.0    0.0    0.0  
4    0.0    0.0    0.0    0.0    0.0    0.0    0.0    0.0    0.0    0.0  

[5 rows x 10727 columns]
[89.98958719289506, 87.2971613886876, 90.04085274259793, 87.96790288532225, 90.07566528805873, 90.0253167978539, 87.6072882338513, 87.88125873545196, 87.219510207768, 87.30780991115316, 87.3257857937705, 87.13253406093217, 87.38256342795268, 87.42478794238217, 90.0790791934275, 90.00909676655073, 90.02305352051312, 87.38036153063254, 87.78505724944011, 90.14489725913323, 87.43701923571663, 89.98447906141095, 86.16038986627508, 87.48348275030303, 90.29822425915845, 87.57538163511799, 88.61480712103702, 90.17053038554957, 87.30398306863931, 90.76516024888528, 90.47711584991232, 90.11759871780875, 87.29949658689885, 89.44223922308618, 90.41269365021917, 90.21733295141377, 90.32592715048817, 90.00511556801023, 86.90801197665039, 90.0567541168134, 90.11651547585852, 87.74124896185828, 89.84924635286345, 90.61020933518812, 90.06374134683819, 89.66765682080405, 87.52163375718997, 90.21211382104626, 90.00373237926095, 90.00715110243432, 87.37360023779283, 90.18158710702671, 90.41681757535827, 90.09318615314828, 90.20321899084121, 87.93565459764217, 87.39035939526171, 87.45055418791962, 90.00712302041127]
[30, 30, 30, 30, 30, 30, 30, 30, 30, 30, 30, 30, 30, 30, 30, 30, 30, 30, 30, 30, 30, 30, 30, 30, 30, 30, 30, 30, 30, 30, 30, 30, 30, 30, 30, 30, 30, 30, 30, 30, 30, 30, 30, 30, 30, 30, 30, 30, 30, 30, 30, 30, 30, 30, 30, 30, 30, 30, 30]
SyncStream-PCA (fixed reference)
None
None

￼

syncstream_pca_all took 7.473822832107544 seconds
   0      1      2      3      4      5      6      7      8      9      ...  \
0    0.0    0.0    0.0    0.0    0.0    0.0    0.0    0.0    0.0    0.0  ...   
1    0.0    0.0    0.0    0.0    0.0    0.0    0.0    0.0    0.0    0.0  ...   
2    0.0    0.0    0.0    0.0    0.0    0.0    0.0    0.0    0.0    0.0  ...   
3    0.0    0.0    0.0    0.0    0.0    0.0    0.0    0.0    0.0    0.0  ...   
4    0.0    0.0    0.0    0.0    0.0    0.0    0.0    0.0    0.0    0.0  ...   

   10717  10718  10719  10720  10721  10722  10723  10724  10725  10726  
0    0.0    0.0    0.0    0.0    0.0    0.0    0.0    0.0    0.0    0.0  
1    0.0    0.0    0.0    0.0    0.0    0.0    0.0    0.0    0.0    0.0  
2    0.0    0.0    0.0    0.0    0.0    0.0    0.0    0.0    0.0    0.0  
3    0.0    0.0    0.0    0.0    0.0    0.0    0.0    0.0    0.0    0.0  
4    0.0    0.0    0.0    0.0    0.0    0.0    0.0    0.0    0.0    0.0  

[5 rows x 10727 columns]
[30.292172761602245, 9.367149838768059, 6.126144616316638, 25.19419530971546, 11.389810258004793, 7.512833054592596, 29.842798531413738, 7.585732620688196, 29.47232577343261, 27.931501124523294, 40.02207564355512, 10.636930874994672, 20.820746547822182, 22.769086941553148, 10.350822675999193, 19.884552657131863, 22.6717219313989, 10.836659318173645, 42.159577985394094, 35.79260818075597, 30.780290294138698, 22.596900401289446, 1.4563903491583996, 38.01125606625384, 27.705273898938962, 22.972016872725295, 34.2739221589011, 16.547178988935702, 28.37136077868887, 29.863582218307986, 38.05481227069944, 23.809499937771726, 11.633169046427613, 15.251848886229904, 7.017706838768208, 14.712957828622923, 36.3676661171989, 28.43203612217168, 15.882069191247666, 20.129839185459925, 28.470536946698996, 47.15146237931336, 26.909390084014866, 11.401524544484623, 35.786235250839596, 32.31693373193479, 34.901845807078075, 38.36521778604596, 22.09339102228278, 38.16790823159916, 19.339371379199015, 25.499312475194863, 30.764962297018464, 30.353478473349362, 35.19222779215913, 7.2836403695425025, 37.65178345565349, 38.09708248192725, 8.160587625626722]
[2.5758293035489004, 2.5758293035489004, 2.5758293035489004, 2.5758293035489004, 2.5758293035489004, 2.5758293035489004, 2.5758293035489004, 2.5758293035489004, 2.5758293035489004, 2.5758293035489004, 2.5758293035489004, 2.5758293035489004, 2.5758293035489004, 2.5758293035489004, 2.5758293035489004, 2.5758293035489004, 2.5758293035489004, 2.5758293035489004, 2.5758293035489004, 2.5758293035489004, 2.5758293035489004, 2.5758293035489004, 2.5758293035489004, 2.5758293035489004, 2.5758293035489004, 2.5758293035489004, 2.5758293035489004, 2.5758293035489004, 2.5758293035489004, 2.5758293035489004, 2.5758293035489004, 2.5758293035489004, 2.5758293035489004, 2.5758293035489004, 2.5758293035489004, 2.5758293035489004, 2.5758293035489004, 2.5758293035489004, 2.5758293035489004, 2.5758293035489004, 2.5758293035489004, 2.5758293035489004, 2.5758293035489004, 2.5758293035489004, 2.5758293035489004, 2.5758293035489004, 2.5758293035489004, 2.5758293035489004, 2.5758293035489004, 2.5758293035489004, 2.5758293035489004, 2.5758293035489004, 2.5758293035489004, 2.5758293035489004, 2.5758293035489004, 2.5758293035489004, 2.5758293035489004, 2.5758293035489004, 2.5758293035489004]
SyncStream-Stat (fixed reference)
None
None

￼

syncstream_stat_all took 1738.5127339363098 seconds

 real_world_data/spam_dataset.csv 50 encoder: None
PCA_ref: [1, 2, 3, 4, 5, 6, 7, 8, 9, 10, 11, 12, 13, 14, 15, 16, 17, 18, 19, 20, 21, 22, 23, 24, 25, 26, 27, 28, 29, 30, 31, 32, 33, 34, 35, 36, 37, 38, 39, 40, 41, 42, 43, 44, 45, 46, 47, 48, 49, 50, 51, 52, 53, 54, 55, 56, 57, 58, 59] (1.0, 1.0) Stat_ref: [1, 2, 3, 4, 5, 6, 7, 8, 9, 10, 11, 12, 13, 14, 15, 16, 17, 18, 19, 20, 21, 22, 24, 25, 26, 27, 28, 29, 30, 31, 32, 33, 34, 35, 36, 37, 38, 39, 40, 41, 42, 43, 44, 45, 46, 47, 48, 49, 50, 51, 52, 53, 54, 55, 56, 57, 58, 59] (0.9827586206896551, 1.0)


       aa  aba  abandon  abb  abbey  abbrevi  abdomin  abduct  aberr  abid  \
0     0.0  0.0      0.0  0.0    0.0      0.0      0.0     0.0    0.0   0.0   
1     0.0  0.0      0.0  0.0    0.0      0.0      0.0     0.0    0.0   0.0   
2     0.0  0.0      0.0  0.0    0.0      0.0      0.0     0.0    0.0   0.0   
3     0.0  0.0      0.0  0.0    0.0      0.0      0.0     0.0    0.0   0.0   
4     0.0  0.0      0.0  0.0    0.0      0.0      0.0     0.0    0.0   0.0   
...   ...  ...      ...  ...    ...      ...      ...     ...    ...   ...   
1463  0.0  0.0      0.0  0.0    0.0      0.0      0.0     0.0    0.0   0.0   
1464  0.0  0.0      0.0  0.0    0.0      0.0      0.0     0.0    0.0   0.0   
1465  0.0  0.0      0.0  0.0    0.0      0.0      0.0     0.0    0.0   0.0   
1466  0.0  0.0      0.0  0.0    0.0      0.0      0.0     0.0    0.0   0.0   
1467  0.0  0.0      0.0  0.0    0.0      0.0      0.0     0.0    0.0   0.0   

      ...  zest  zig  zimbabw  zinc  zip  zodiac  zone  zoo  zoom  zowi  
0     ...   0.0  0.0      0.0   0.0  0.0     0.0   0.0  0.0   0.0   0.0  
1     ...   0.0  0.0      0.0   0.0  0.0     0.0   0.0  0.0   0.0   0.0  
2     ...   0.0  0.0      0.0   0.0  0.0     0.0   0.0  0.0   0.0   0.0  
3     ...   0.0  0.0      0.0   0.0  0.0     0.0   0.0  0.0   0.0   0.0  
4     ...   0.0  0.0      0.0   0.0  0.0     0.0   0.0  0.0   0.0   0.0  
...   ...   ...  ...      ...   ...  ...     ...   ...  ...   ...   ...  
1463  ...   0.0  0.0      0.0   0.0  0.0     0.0   0.0  0.0   0.0   0.0  
1464  ...   0.0  0.0      0.0   0.0  0.0     0.0   0.0  0.0   0.0   0.0  
1465  ...   0.0  0.0      0.0   0.0  0.0     0.0   0.0  0.0   0.0   0.0  
1466  ...   0.0  0.0      0.0   0.0  0.0     0.0   0.0  0.0   0.0   0.0  
1467  ...   0.0  0.0      0.0   0.0  0.0     0.0   0.0  0.0   0.0   0.0  

[1468 rows x 10727 columns]
1276
batches: 147
       aa  aba  abandon  abb  abbey  abbrevi  abdomin  abduct  aberr  abid  \
1468  0.0  0.0      0.0  0.0    0.0      0.0      0.0     0.0    0.0   0.0   
1469  0.0  0.0      0.0  0.0    0.0      0.0      0.0     0.0    0.0   0.0   
1470  0.0  0.0      0.0  0.0    0.0      0.0      0.0     0.0    0.0   0.0   
1471  0.0  0.0      0.0  0.0    0.0      0.0      0.0     0.0    0.0   0.0   
1472  0.0  0.0      0.0  0.0    0.0      0.0      0.0     0.0    0.0   0.0   

      ...  zest  zig  zimbabw  zinc  zip  zodiac  zone  zoo  zoom  zowi  
1468  ...   0.0  0.0      0.0   0.0  0.0     0.0   0.0  0.0   0.0   0.0  
1469  ...   0.0  0.0      0.0   0.0  0.0     0.0   0.0  0.0   0.0   0.0  
1470  ...   0.0  0.0      0.0   0.0  0.0     0.0   0.0  0.0   0.0   0.0  
1471  ...   0.0  0.0      0.0   0.0  0.0     0.0   0.0  0.0   0.0   0.0  
1472  ...   0.0  0.0      0.0   0.0  0.0     0.0   0.0  0.0   0.0   0.0  

[5 rows x 10727 columns]
[86.08026622327131, 108.25475560123081, 92.94982726899784, 93.52901984936867, 89.71465018726485, 102.01495414318507, 108.9572922301877, 65.06220637465863, 83.7897585304321, 90.10883248757547, 89.60213629770685, 96.2353933892518, 91.70964808807584, 95.37681365949545, 94.3134810874041, 84.43077769338721, 90.04618882256239, 83.66097408768478, 89.34984962390764, 88.08120786473219, 96.00783522579987, 88.44673295010853, 86.90330677590084, 86.36167788600967, 90.60853452124786, 88.75774936111047, 88.95918849937712, 91.84669194783928, 91.01787397242451, 88.87231253461941, 95.45538461662326, 85.58814679070532, 95.17934367262045, 90.99385223477921, 88.10828368850127, 89.86656161723023, 72.02441631206061, 70.4791241645274, 70.4090207233972, 92.3298292544775, 70.00859979036727, 79.31710173887323, 83.5022474362024, 72.78034379822289, 67.82557246898851, 89.0504443646812, 97.77058856617576, 96.4804709021477, 95.41398873374364, 95.69764959049924, 95.11597388374553, 92.3066932872231, 88.13979425868921, 95.73238937602306, 78.94456281420366, 97.08046291796232, 96.60316447667573, 85.18875135580187, 76.31527291050594, 92.04142356682362, 92.55627270367525, 92.26283696939187, 91.24401796672927, 87.92810507220896, 90.54677607597688, 92.84806881086976, 94.54612766950392, 91.73878631783299, 77.1765561048695, 97.08488504592087, 92.94904110498, 95.30790996289167, 89.22320764916647, 91.58362410829888, 96.42394253718452, 91.04556511095868, 105.64835246785638, 96.63538320165529, 68.25257961254955, 96.21098866939418, 71.08045060571148, 69.92431836909478, 98.55365690360422, 87.18956923426374, 72.5645357483651, 93.25419275279518, 97.54860492048473, 79.43796102057887, 82.95197680536876, 93.6153365726985, 70.38797637795102, 91.55214721297448, 103.57157246260014, 87.33396227739597, 80.19344788360175, 105.6647595505207, 96.10264827254584, 93.81225650405511, 95.43993601355113, 92.02609279884804, 92.42816938066004, 94.95525131444842, 90.89555519206628, 99.63436329556014, 86.61579028316177, 92.55565427444151, 88.74487910146448, 92.05085013743829, 87.09851007821972, 95.25497225323296, 91.9508962539338, 93.62170742424861, 88.16649456149129, 92.93331382673263, 90.68184042249192, 85.70704796780733, 89.38056466223418, 89.96614502908865, 91.25759491426128, 92.9037016950402, 90.73358440598666, 88.46773034037716, 89.85965330571948, 86.2847003832171, 87.73885938175876, 87.414217926466, 91.38864834875329, 86.94185923608683, 93.0650906793204, 90.0499312408632, 91.64524157656463, 91.88391074390529, 88.64411340857954, 90.84194485556992, 93.17268265752679, 93.33775981836666, 92.9421827159369, 90.2222622480437, 89.72289552457892, 87.74412130094719, 86.80703926961608, 90.11898093549345, 95.41566504845085, 94.82222425727282, 95.30598726934717, 96.72603480499205, 84.12689253366908]
[30, 30, 30, 30, 30, 30, 30, 30, 30, 30, 30, 30, 30, 30, 30, 30, 30, 30, 30, 30, 30, 30, 30, 30, 30, 30, 30, 30, 30, 30, 30, 30, 30, 30, 30, 30, 30, 30, 30, 30, 30, 30, 30, 30, 30, 30, 30, 30, 30, 30, 30, 30, 30, 30, 30, 30, 30, 30, 30, 30, 30, 30, 30, 30, 30, 30, 30, 30, 30, 30, 30, 30, 30, 30, 30, 30, 30, 30, 30, 30, 30, 30, 30, 30, 30, 30, 30, 30, 30, 30, 30, 30, 30, 30, 30, 30, 30, 30, 30, 30, 30, 30, 30, 30, 30, 30, 30, 30, 30, 30, 30, 30, 30, 30, 30, 30, 30, 30, 30, 30, 30, 30, 30, 30, 30, 30, 30, 30, 30, 30, 30, 30, 30, 30, 30, 30, 30, 30, 30, 30, 30, 30, 30, 30, 30, 30, 30]
SyncStream-PCA (fixed reference)
None
None

￼

syncstream_pca_all took 2.9689340591430664 seconds
       aa  aba  abandon  abb  abbey  abbrevi  abdomin  abduct  aberr  abid  \
1468  0.0  0.0      0.0  0.0    0.0      0.0      0.0     0.0    0.0   0.0   
1469  0.0  0.0      0.0  0.0    0.0      0.0      0.0     0.0    0.0   0.0   
1470  0.0  0.0      0.0  0.0    0.0      0.0      0.0     0.0    0.0   0.0   
1471  0.0  0.0      0.0  0.0    0.0      0.0      0.0     0.0    0.0   0.0   
1472  0.0  0.0      0.0  0.0    0.0      0.0      0.0     0.0    0.0   0.0   

      ...  zest  zig  zimbabw  zinc  zip  zodiac  zone  zoo  zoom  zowi  
1468  ...   0.0  0.0      0.0   0.0  0.0     0.0   0.0  0.0   0.0   0.0  
1469  ...   0.0  0.0      0.0   0.0  0.0     0.0   0.0  0.0   0.0   0.0  
1470  ...   0.0  0.0      0.0   0.0  0.0     0.0   0.0  0.0   0.0   0.0  
1471  ...   0.0  0.0      0.0   0.0  0.0     0.0   0.0  0.0   0.0   0.0  
1472  ...   0.0  0.0      0.0   0.0  0.0     0.0   0.0  0.0   0.0   0.0  

[5 rows x 10727 columns]
[8.749570457551398, 31.030209767763786, 12.039199976366598, 7.008863835741469, 6.764434621948716, 14.986650798499175, 7.436309160280148, 2.29230802591499, 21.807869728076984, 10.039261136883168, 10.47645565418039, 2.1129552280646062, 6.377910936122046, 2.0739083902394317, 9.92356760035498, 12.692903762263562, 26.9467009668462, 6.3104764045315624, 7.951027609030899, 6.474729978447835, 8.372082630080845, 29.047908381881534, 23.47668294656535, 15.892606984444022, 18.648191439471194, 32.461026625746285, 19.935822817545745, 22.162717716888146, 25.963844270066435, 9.428158418635388, 12.8302785096835, 14.45410335890126, 24.33492794809296, 1.5088239809629074, 26.812906607165193, 10.008325430261253, 0.05461240642496501, 11.64655857256686, 11.380560624916823, 16.808060800576087, 34.38124321429076, 4.777156215230948, 6.58866484768639, 4.046660238729504, 10.311368314309249, 16.816746137349924, 50.76238348946417, 16.677638897076918, 25.144104397940946, 25.321068400820167, 35.63933887461665, 28.416734305589625, 6.200799652346033, 21.97679418021612, 20.154317248375737, 8.333468703406032, 14.31384432919031, 14.683994954030032, 30.320777805959302, 27.26080615956502, 24.68944467877704, 7.291793357462449, 26.365406912863367, 5.632235940941311, 22.735807741605495, 15.485730095304111, 28.258971524928054, 2.0739541460542457, 9.072222991594726, 33.52872844596901, 12.624704309101203, 22.001981026947583, 29.434183906305076, 9.901544371094989, 22.910180560862393, 25.859492051873136, 18.768587576415907, 29.05219166044323, 25.754393768070276, 4.315456042497614, 6.079256582456284, 4.125130452633802, 16.345699935049318, 3.340700219195693, 14.845539148929722, 14.221998453737372, 25.83780571199915, 25.419619010708363, 3.5995538551173865, 12.200571594084515, 15.59998744887248, 28.410680466017936, 31.725536645375254, 8.505602947571662, 24.45663921418596, 5.359807722428442, 13.687572353248223, 26.215040693765637, 12.186942881396131, 4.017571624760665, 16.43407928354532, 30.438521096196336, 22.189915607108112, 26.109690642652946, 25.680900034151684, 0.9259817645407685, 34.02227337641141, 50.11293866559215, 10.073086304000906, 7.859426211441444, 26.34581093051705, 17.460190402773645, 20.98438671868095, 14.939662991427328, 32.3153675903472, 10.351427674697637, 30.049431712286875, 49.32761989728159, 32.880589173858105, 9.94922563924099, 9.14663796655264, 12.500967904236449, 30.664251111102068, 17.844803772260217, 30.163139831311955, 14.70694359540901, 15.122469512690063, 19.07152581634187, 10.291237274738977, 12.982044964817145, 28.681997972960165, 19.544393739203034, 1.775314451820513, 28.904967268231772, 26.981519362538226, 19.681879959606306, 29.990911274125136, 23.434317608169582, 16.814003741803663, 11.571040308371966, 17.318157256893826, 32.55596507384465, 25.478185558595282, 12.151801310513347, 42.22248217489528, 12.397810093148847, 0.3321922193653235]
[2.5758293035489004, 2.5758293035489004, 2.5758293035489004, 2.5758293035489004, 2.5758293035489004, 2.5758293035489004, 2.5758293035489004, 2.5758293035489004, 2.5758293035489004, 2.5758293035489004, 2.5758293035489004, 2.5758293035489004, 2.5758293035489004, 2.5758293035489004, 2.5758293035489004, 2.5758293035489004, 2.5758293035489004, 2.5758293035489004, 2.5758293035489004, 2.5758293035489004, 2.5758293035489004, 2.5758293035489004, 2.5758293035489004, 2.5758293035489004, 2.5758293035489004, 2.5758293035489004, 2.5758293035489004, 2.5758293035489004, 2.5758293035489004, 2.5758293035489004, 2.5758293035489004, 2.5758293035489004, 2.5758293035489004, 2.5758293035489004, 2.5758293035489004, 2.5758293035489004, 2.5758293035489004, 2.5758293035489004, 2.5758293035489004, 2.5758293035489004, 2.5758293035489004, 2.5758293035489004, 2.5758293035489004, 2.5758293035489004, 2.5758293035489004, 2.5758293035489004, 2.5758293035489004, 2.5758293035489004, 2.5758293035489004, 2.5758293035489004, 2.5758293035489004, 2.5758293035489004, 2.5758293035489004, 2.5758293035489004, 2.5758293035489004, 2.5758293035489004, 2.5758293035489004, 2.5758293035489004, 2.5758293035489004, 2.5758293035489004, 2.5758293035489004, 2.5758293035489004, 2.5758293035489004, 2.5758293035489004, 2.5758293035489004, 2.5758293035489004, 2.5758293035489004, 2.5758293035489004, 2.5758293035489004, 2.5758293035489004, 2.5758293035489004, 2.5758293035489004, 2.5758293035489004, 2.5758293035489004, 2.5758293035489004, 2.5758293035489004, 2.5758293035489004, 2.5758293035489004, 2.5758293035489004, 2.5758293035489004, 2.5758293035489004, 2.5758293035489004, 2.5758293035489004, 2.5758293035489004, 2.5758293035489004, 2.5758293035489004, 2.5758293035489004, 2.5758293035489004, 2.5758293035489004, 2.5758293035489004, 2.5758293035489004, 2.5758293035489004, 2.5758293035489004, 2.5758293035489004, 2.5758293035489004, 2.5758293035489004, 2.5758293035489004, 2.5758293035489004, 2.5758293035489004, 2.5758293035489004, 2.5758293035489004, 2.5758293035489004, 2.5758293035489004, 2.5758293035489004, 2.5758293035489004, 2.5758293035489004, 2.5758293035489004, 2.5758293035489004, 2.5758293035489004, 2.5758293035489004, 2.5758293035489004, 2.5758293035489004, 2.5758293035489004, 2.5758293035489004, 2.5758293035489004, 2.5758293035489004, 2.5758293035489004, 2.5758293035489004, 2.5758293035489004, 2.5758293035489004, 2.5758293035489004, 2.5758293035489004, 2.5758293035489004, 2.5758293035489004, 2.5758293035489004, 2.5758293035489004, 2.5758293035489004, 2.5758293035489004, 2.5758293035489004, 2.5758293035489004, 2.5758293035489004, 2.5758293035489004, 2.5758293035489004, 2.5758293035489004, 2.5758293035489004, 2.5758293035489004, 2.5758293035489004, 2.5758293035489004, 2.5758293035489004, 2.5758293035489004, 2.5758293035489004, 2.5758293035489004, 2.5758293035489004, 2.5758293035489004, 2.5758293035489004, 2.5758293035489004, 2.5758293035489004]
SyncStream-Stat (fixed reference)
None
None

￼

syncstream_stat_all took 4018.168051958084 seconds

 real_world_data/spam_dataset.csv 20 encoder: None
PCA_ref: [1, 2, 3, 4, 5, 6, 7, 8, 9, 10, 11, 12, 13, 14, 15, 16, 17, 18, 19, 20, 21, 22, 23, 24, 25, 26, 27, 28, 29, 30, 31, 32, 33, 34, 35, 36, 37, 38, 39, 40, 41, 42, 43, 44, 45, 46, 47, 48, 49, 50, 51, 52, 53, 54, 55, 56, 57, 58, 59, 60, 61, 62, 63, 64, 65, 66, 67, 68, 69, 70, 71, 72, 73, 74, 75, 76, 77, 78, 79, 80, 81, 82, 83, 84, 85, 86, 87, 88, 89, 90, 91, 92, 93, 94, 95, 96, 97, 98, 99, 100, 101, 102, 103, 104, 105, 106, 107, 108, 109, 110, 111, 112, 113, 114, 115, 116, 117, 118, 119, 120, 121, 122, 123, 124, 125, 126, 127, 128, 129, 130, 131, 132, 133, 134, 135, 136, 137, 138, 139, 140, 141, 142, 143, 144, 145, 146, 147] (1.0, 1.0) Stat_ref: [1, 2, 3, 4, 5, 6, 7, 9, 10, 11, 13, 15, 16, 17, 18, 19, 20, 21, 22, 23, 24, 25, 26, 27, 28, 29, 30, 31, 32, 33, 35, 36, 38, 39, 40, 41, 42, 43, 44, 45, 46, 47, 48, 49, 50, 51, 52, 53, 54, 55, 56, 57, 58, 59, 60, 61, 62, 63, 64, 65, 66, 67, 69, 70, 71, 72, 73, 74, 75, 76, 77, 78, 79, 80, 81, 82, 83, 84, 85, 86, 87, 88, 89, 90, 91, 92, 93, 94, 95, 96, 97, 98, 99, 100, 101, 102, 103, 104, 105, 107, 108, 109, 110, 111, 112, 113, 114, 115, 116, 117, 118, 119, 120, 121, 122, 123, 124, 125, 126, 127, 128, 129, 130, 131, 132, 134, 135, 136, 137, 138, 139, 140, 141, 142, 143, 144, 145, 146] (0.9383561643835616, 1.0)


   0      1      2      3      4      5      6      7      8      9      ...  \
0    0.0    0.0    0.0    0.0    0.0    0.0    0.0    0.0    0.0    0.0  ...   
1    0.0    0.0    0.0    0.0    0.0    0.0    0.0    0.0    0.0    0.0  ...   
2    0.0    0.0    0.0    0.0    0.0    0.0    0.0    0.0    0.0    0.0  ...   
3    0.0    0.0    0.0    0.0    0.0    0.0    0.0    0.0    0.0    0.0  ...   
4    0.0    0.0    0.0    0.0    0.0    0.0    0.0    0.0    0.0    0.0  ...   

   10717  10718  10719  10720  10721  10722  10723  10724  10725  10726  
0    0.0    0.0    0.0    0.0    0.0    0.0    0.0    0.0    0.0    0.0  
1    0.0    0.0    0.0    0.0    0.0    0.0    0.0    0.0    0.0    0.0  
2    0.0    0.0    0.0    0.0    0.0    0.0    0.0    0.0    0.0    0.0  
3    0.0    0.0    0.0    0.0    0.0    0.0    0.0    0.0    0.0    0.0  
4    0.0    0.0    0.0    0.0    0.0    0.0    0.0    0.0    0.0    0.0  

[5 rows x 10727 columns]
[89.87422572678759, 89.9830546606539, 88.54757638569791, 87.83092291324122, 87.33423746420921, 89.99368769456677, 89.09864201571146, 87.44971351996382, 88.47342434833647, 88.07905519099452, 87.3979816568111, 90.14142320034897, 90.051343412893, 89.98915227491905, 89.80395550366482, 90.05788082852877, 87.60202897285139, 89.99692812901927, 87.978105080057, 87.53908620792754, 87.22723618642127, 89.96867098968765, 89.98411465943555, 89.99834081771999, 87.34556686640761, 89.95193627513413, 87.59567371426994, 87.32776098982161, 90.00031870276331, 87.32366860860063, 89.95234046024747, 88.02088115613505, 87.38204127472166, 87.22264753946617, 87.42398692813097, 87.89459337147721, 90.04756019004209, 90.01450309133875, 87.29488089249203, 90.09846836899156, 90.05676240263537, 89.99401554476889, 90.02750404512179, 87.37679057883217, 88.3635586619769, 88.05610181253839, 90.27444108120275, 88.30949246311518, 87.34565007102316, 89.98072852480183, 87.3787093547445, 89.98838801826922, 86.47964438141034, 89.97241411414886, 89.98342981290331, 90.07396765665, 88.73880913337577, 86.2457854734855, 87.55809950591933, 90.02167982620175, 90.56770186093787, 89.16177765728554, 87.3094328077998, 87.83541053629719, 87.71790014920963, 90.08539888428398, 90.10902208760076, 88.67024997499084, 90.26484204412017, 88.03871375778768, 89.99549560717915, 90.03687036309584, 87.37345637073294, 87.6364530686119, 90.20024776729879, 90.29646083234589, 91.06449932417804, 89.21472888896565, 90.07290460767075, 88.65105545143518, 87.27238453886541, 87.27814092242559, 86.42170987208468, 90.03784955507585, 89.28714121569611, 87.79656991225009, 90.01324687014109, 89.62886276445235, 90.4085003221533, 87.8604573101678, 89.91999119076527, 89.95925413019134, 87.70394313765735, 90.08581919634693, 89.84715055388233, 89.18863048000186, 86.97343350667101, 89.9790503657274, 90.032631344521, 87.7328786483519, 90.01790918660255, 87.47762811748689, 87.42068560813989, 90.93350106675166, 87.3141878876382, 87.77692818787101, 90.13747564185385, 90.22674602260126, 88.43988970056907, 89.06442250972349, 87.47107320837513, 87.87173413266468, 90.07921295920217, 90.54014040977755, 89.80094044445737, 88.45366628319002, 87.70044561477457, 90.05400696168826, 90.32155895834124, 88.68278702327477, 89.88463346854566, 89.9575616199404, 90.09790505151348, 90.15687248470402, 89.97198174133113, 87.45520801336204, 89.99897536189413, 90.13618072561377, 90.18814845849633, 88.53014319444772, 90.19358610410781, 87.78969218759345, 87.5494421073068, 90.13704389737077, 90.04086243224614, 90.29501467355281, 89.9331492378166, 88.78720737565487, 86.59046028113036, 88.38559120763686, 87.31101592662162, 87.34305315986617, 87.3720865356101, 87.38478416298348, 87.40441469236464, 89.99453232134252, 87.76284463585701]
[30, 30, 30, 30, 30, 30, 30, 30, 30, 30, 30, 30, 30, 30, 30, 30, 30, 30, 30, 30, 30, 30, 30, 30, 30, 30, 30, 30, 30, 30, 30, 30, 30, 30, 30, 30, 30, 30, 30, 30, 30, 30, 30, 30, 30, 30, 30, 30, 30, 30, 30, 30, 30, 30, 30, 30, 30, 30, 30, 30, 30, 30, 30, 30, 30, 30, 30, 30, 30, 30, 30, 30, 30, 30, 30, 30, 30, 30, 30, 30, 30, 30, 30, 30, 30, 30, 30, 30, 30, 30, 30, 30, 30, 30, 30, 30, 30, 30, 30, 30, 30, 30, 30, 30, 30, 30, 30, 30, 30, 30, 30, 30, 30, 30, 30, 30, 30, 30, 30, 30, 30, 30, 30, 30, 30, 30, 30, 30, 30, 30, 30, 30, 30, 30, 30, 30, 30, 30, 30, 30, 30, 30, 30, 30, 30, 30, 30]
SyncStream-PCA (fixed reference)
None
None

￼

syncstream_pca_all took 12.949208736419678 seconds
   0      1      2      3      4      5      6      7      8      9      ...  \
0    0.0    0.0    0.0    0.0    0.0    0.0    0.0    0.0    0.0    0.0  ...   
1    0.0    0.0    0.0    0.0    0.0    0.0    0.0    0.0    0.0    0.0  ...   
2    0.0    0.0    0.0    0.0    0.0    0.0    0.0    0.0    0.0    0.0  ...   
3    0.0    0.0    0.0    0.0    0.0    0.0    0.0    0.0    0.0    0.0  ...   
4    0.0    0.0    0.0    0.0    0.0    0.0    0.0    0.0    0.0    0.0  ...   

   10717  10718  10719  10720  10721  10722  10723  10724  10725  10726  
0    0.0    0.0    0.0    0.0    0.0    0.0    0.0    0.0    0.0    0.0  
1    0.0    0.0    0.0    0.0    0.0    0.0    0.0    0.0    0.0    0.0  
2    0.0    0.0    0.0    0.0    0.0    0.0    0.0    0.0    0.0    0.0  
3    0.0    0.0    0.0    0.0    0.0    0.0    0.0    0.0    0.0    0.0  
4    0.0    0.0    0.0    0.0    0.0    0.0    0.0    0.0    0.0    0.0  

[5 rows x 10727 columns]
[8.749570457551398, 31.030209767763786, 12.039199976366598, 7.008863835741469, 6.764434621948716, 14.986650798499175, 7.436309160280148, 2.29230802591499, 21.807869728076984, 10.039261136883168, 10.47645565418039, 2.1129552280646062, 6.377910936122046, 2.0739083902394317, 9.92356760035498, 12.692903762263562, 26.9467009668462, 6.3104764045315624, 7.951027609030899, 6.474729978447835, 8.372082630080845, 29.047908381881534, 23.47668294656535, 15.892606984444022, 18.648191439471194, 32.461026625746285, 19.935822817545745, 22.162717716888146, 25.963844270066435, 9.428158418635388, 12.8302785096835, 14.45410335890126, 24.33492794809296, 1.5088239809629074, 26.812906607165193, 10.008325430261253, 0.05461240642496501, 11.64655857256686, 11.380560624916823, 16.808060800576087, 34.38124321429076, 4.777156215230948, 6.58866484768639, 4.046660238729504, 10.311368314309249, 16.816746137349924, 50.76238348946417, 16.677638897076918, 25.144104397940946, 25.321068400820167, 35.63933887461665, 28.416734305589625, 6.200799652346033, 21.97679418021612, 20.154317248375737, 8.333468703406032, 14.31384432919031, 14.683994954030032, 30.320777805959302, 27.26080615956502, 24.68944467877704, 7.291793357462449, 26.365406912863367, 5.632235940941311, 22.735807741605495, 15.485730095304111, 28.258971524928054, 2.0739541460542457, 9.072222991594726, 33.52872844596901, 12.624704309101203, 22.001981026947583, 29.434183906305076, 9.901544371094989, 22.910180560862393, 25.859492051873136, 18.768587576415907, 29.05219166044323, 25.754393768070276, 4.315456042497614, 6.079256582456284, 4.125130452633802, 16.345699935049318, 3.340700219195693, 14.845539148929722, 14.221998453737372, 25.83780571199915, 25.419619010708363, 3.5995538551173865, 12.200571594084515, 15.59998744887248, 28.410680466017936, 31.725536645375254, 8.505602947571662, 24.45663921418596, 5.359807722428442, 13.687572353248223, 26.215040693765637, 12.186942881396131, 4.017571624760665, 16.43407928354532, 30.438521096196336, 22.189915607108112, 26.109690642652946, 25.680900034151684, 0.9259817645407685, 34.02227337641141, 50.11293866559215, 10.073086304000906, 7.859426211441444, 26.34581093051705, 17.460190402773645, 20.98438671868095, 14.939662991427328, 32.3153675903472, 10.351427674697637, 30.049431712286875, 49.32761989728159, 32.880589173858105, 9.94922563924099, 9.14663796655264, 12.500967904236449, 30.664251111102068, 17.844803772260217, 30.163139831311955, 14.70694359540901, 15.122469512690063, 19.07152581634187, 10.291237274738977, 12.982044964817145, 28.681997972960165, 19.544393739203034, 1.775314451820513, 28.904967268231772, 26.981519362538226, 19.681879959606306, 29.990911274125136, 23.434317608169582, 16.814003741803663, 11.571040308371966, 17.318157256893826, 32.55596507384465, 25.478185558595282, 12.151801310513347, 42.22248217489528, 12.397810093148847, 0.3321922193653235]
[2.5758293035489004, 2.5758293035489004, 2.5758293035489004, 2.5758293035489004, 2.5758293035489004, 2.5758293035489004, 2.5758293035489004, 2.5758293035489004, 2.5758293035489004, 2.5758293035489004, 2.5758293035489004, 2.5758293035489004, 2.5758293035489004, 2.5758293035489004, 2.5758293035489004, 2.5758293035489004, 2.5758293035489004, 2.5758293035489004, 2.5758293035489004, 2.5758293035489004, 2.5758293035489004, 2.5758293035489004, 2.5758293035489004, 2.5758293035489004, 2.5758293035489004, 2.5758293035489004, 2.5758293035489004, 2.5758293035489004, 2.5758293035489004, 2.5758293035489004, 2.5758293035489004, 2.5758293035489004, 2.5758293035489004, 2.5758293035489004, 2.5758293035489004, 2.5758293035489004, 2.5758293035489004, 2.5758293035489004, 2.5758293035489004, 2.5758293035489004, 2.5758293035489004, 2.5758293035489004, 2.5758293035489004, 2.5758293035489004, 2.5758293035489004, 2.5758293035489004, 2.5758293035489004, 2.5758293035489004, 2.5758293035489004, 2.5758293035489004, 2.5758293035489004, 2.5758293035489004, 2.5758293035489004, 2.5758293035489004, 2.5758293035489004, 2.5758293035489004, 2.5758293035489004, 2.5758293035489004, 2.5758293035489004, 2.5758293035489004, 2.5758293035489004, 2.5758293035489004, 2.5758293035489004, 2.5758293035489004, 2.5758293035489004, 2.5758293035489004, 2.5758293035489004, 2.5758293035489004, 2.5758293035489004, 2.5758293035489004, 2.5758293035489004, 2.5758293035489004, 2.5758293035489004, 2.5758293035489004, 2.5758293035489004, 2.5758293035489004, 2.5758293035489004, 2.5758293035489004, 2.5758293035489004, 2.5758293035489004, 2.5758293035489004, 2.5758293035489004, 2.5758293035489004, 2.5758293035489004, 2.5758293035489004, 2.5758293035489004, 2.5758293035489004, 2.5758293035489004, 2.5758293035489004, 2.5758293035489004, 2.5758293035489004, 2.5758293035489004, 2.5758293035489004, 2.5758293035489004, 2.5758293035489004, 2.5758293035489004, 2.5758293035489004, 2.5758293035489004, 2.5758293035489004, 2.5758293035489004, 2.5758293035489004, 2.5758293035489004, 2.5758293035489004, 2.5758293035489004, 2.5758293035489004, 2.5758293035489004, 2.5758293035489004, 2.5758293035489004, 2.5758293035489004, 2.5758293035489004, 2.5758293035489004, 2.5758293035489004, 2.5758293035489004, 2.5758293035489004, 2.5758293035489004, 2.5758293035489004, 2.5758293035489004, 2.5758293035489004, 2.5758293035489004, 2.5758293035489004, 2.5758293035489004, 2.5758293035489004, 2.5758293035489004, 2.5758293035489004, 2.5758293035489004, 2.5758293035489004, 2.5758293035489004, 2.5758293035489004, 2.5758293035489004, 2.5758293035489004, 2.5758293035489004, 2.5758293035489004, 2.5758293035489004, 2.5758293035489004, 2.5758293035489004, 2.5758293035489004, 2.5758293035489004, 2.5758293035489004, 2.5758293035489004, 2.5758293035489004, 2.5758293035489004, 2.5758293035489004, 2.5758293035489004, 2.5758293035489004, 2.5758293035489004, 2.5758293035489004, 2.5758293035489004]
SyncStream-Stat (fixed reference)
None
None

￼

syncstream_stat_all took 4009.0544250011444 seconds

 real_world_data/spam_dataset.csv 20 encoder: None
PCA_ref: [1, 2, 3, 4, 5, 6, 7, 8, 9, 10, 11, 12, 13, 14, 15, 16, 17, 18, 19, 20, 21, 22, 23, 24, 25, 26, 27, 28, 29, 30, 31, 32, 33, 34, 35, 36, 37, 38, 39, 40, 41, 42, 43, 44, 45, 46, 47, 48, 49, 50, 51, 52, 53, 54, 55, 56, 57, 58, 59, 60, 61, 62, 63, 64, 65, 66, 67, 68, 69, 70, 71, 72, 73, 74, 75, 76, 77, 78, 79, 80, 81, 82, 83, 84, 85, 86, 87, 88, 89, 90, 91, 92, 93, 94, 95, 96, 97, 98, 99, 100, 101, 102, 103, 104, 105, 106, 107, 108, 109, 110, 111, 112, 113, 114, 115, 116, 117, 118, 119, 120, 121, 122, 123, 124, 125, 126, 127, 128, 129, 130, 131, 132, 133, 134, 135, 136, 137, 138, 139, 140, 141, 142, 143, 144, 145, 146, 147] (1.0, 1.0) Stat_ref: [1, 2, 3, 4, 5, 6, 7, 9, 10, 11, 13, 15, 16, 17, 18, 19, 20, 21, 22, 23, 24, 25, 26, 27, 28, 29, 30, 31, 32, 33, 35, 36, 38, 39, 40, 41, 42, 43, 44, 45, 46, 47, 48, 49, 50, 51, 52, 53, 54, 55, 56, 57, 58, 59, 60, 61, 62, 63, 64, 65, 66, 67, 69, 70, 71, 72, 73, 74, 75, 76, 77, 78, 79, 80, 81, 82, 83, 84, 85, 86, 87, 88, 89, 90, 91, 92, 93, 94, 95, 96, 97, 98, 99, 100, 101, 102, 103, 104, 105, 107, 108, 109, 110, 111, 112, 113, 114, 115, 116, 117, 118, 119, 120, 121, 122, 123, 124, 125, 126, 127, 128, 129, 130, 131, 132, 134, 135, 136, 137, 138, 139, 140, 141, 142, 143, 144, 145, 146] (0.9383561643835616, 1.0)
